Id,Predicted
0, 0.54
1, 0.16
2, 0.54
3, 0.26
4, 0.89
5, 0.08
6, 0.54
7, 0.51
8, 0.47
9, 0.77
10, 0.47
11, 0.54
12, 0.24
13, 0.54
14, 0.89
15, 1.00
16, 0.89
17, 0.54
18, 0.47
19, 0.57
20, 0.26
21, 0.89
22, 0.54
23, 0.54
24, 0.47
25, 0.47
26, 0.54
27, 0.54
28, 0.47
29, 0.47
30, 0.67
31, 0.47
32, 0.47
33, 0.26
34, 0.57
35, 0.40
36, 0.47
37, 0.47
38, 0.54
39, 0.96
40, 0.47
41, 0.26
42, 0.47
43, 0.40
44, 0.89
45, 0.47
46, 0.47
47, 0.16
48, 0.54
49, 0.57
50, 0.16
51, 0.16
52, 0.08
53, 0.54
54, 0.47
55, 0.54
56, 0.40
57, 0.46
58, 0.26
59, 0.47
60, 0.54
61, 0.57
62, 0.08
63, 0.89
64, 0.96
65, 0.26
66, 0.74
67, 0.47
68, 0.08
69, 0.70
70, 0.54
71, 0.96
72, 0.89
73, 0.47
74, 0.08
75, 0.57
76, 0.54
77, 0.47
78, 0.47
79, 0.16
80, 0.70
81, 0.53
82, 0.53
83, 0.96
84, 0.53
85, 0.57
86, 0.24
87, 0.47
88, 0.24
89, 0.96
90, 0.47
91, 0.89
92, 0.33
93, 0.53
94, 0.89
95, 0.47
96, 0.26
97, 0.47
98, 1.00
99, 0.26
100, 0.54
101, 0.47
102, 0.02
103, 0.74
104, 0.54
105, 0.24
106, 0.54
107, 0.40
108, 0.26
109, 0.57
110, 0.16
111, 0.33
112, 0.47
113, 0.47
114, 0.54
115, 0.54
116, 0.67
117, 0.47
118, 0.08
119, 0.57
120, 0.16
121, 0.89
122, 0.53
123, 0.40
124, 0.54
125, 0.08
126, 0.57
127, 0.54
128, 0.47
129, 0.57
130, 0.08
131, 0.57
132, 0.08
133, 0.24
134, 0.47
135, 0.47
136, 0.34
137, 0.23
138, 0.47
139, 0.57
140, 0.47
141, 0.47
142, 0.33
143, 1.00
144, 0.96
145, 0.40
146, 0.47
147, 0.47
148, 0.47
149, 0.23
150, 0.26
151, 1.00
152, 0.16
153, 0.23
154, 0.40
155, 0.74
156, 0.16
157, 0.54
158, 0.47
159, 0.47
160, 0.53
161, 0.47
162, 0.77
163, 0.08
164, 0.54
165, 0.24
166, 0.16
167, 0.54
168, 0.96
169, 0.26
170, 0.54
171, 0.47
172, 0.77
173, 0.74
174, 0.40
175, 0.67
176, 0.40
177, 0.08
178, 0.54
179, 0.47
180, 0.47
181, 0.47
182, 0.89
183, 0.54
184, 0.47
185, 0.47
186, 0.47
187, 0.23
188, 0.54
189, 0.47
190, 0.54
191, 0.54
192, 0.26
193, 0.70
194, 0.47
195, 0.16
196, 0.40
197, 0.77
198, 0.08
199, 0.16
200, 0.54
201, 0.54
202, 0.54
203, 0.40
204, 0.74
205, 0.33
206, 0.08
207, 0.47
208, 1.00
209, 0.47
210, 0.26
211, 0.47
212, 0.33
213, 0.54
214, 0.47
215, 0.70
216, 0.54
217, 0.54
218, 0.47
219, 0.01
220, 0.08
221, 0.47
222, 0.42
223, 0.08
224, 0.47
225, 0.47
226, 0.47
227, 0.89
228, 0.54
229, 0.47
230, 0.16
231, 0.16
232, 0.47
233, 0.54
234, 0.16
235, 0.16
236, 0.33
237, 0.16
238, 0.54
239, 0.26
240, 0.46
241, 0.86
242, 0.02
243, 0.08
244, 0.47
245, 0.40
246, 0.74
247, 0.57
248, 0.47
249, 0.08
250, 0.89
251, 0.26
252, 0.54
253, 0.16
254, 0.26
255, 0.54
256, 0.33
257, 0.47
258, 0.54
259, 0.47
260, 0.01
261, 0.16
262, 0.08
263, 1.00
264, 0.47
265, 0.47
266, 0.47
267, 0.67
268, 0.47
269, 0.47
270, 0.40
271, 0.57
272, 0.53
273, 0.40
274, 0.74
275, 0.74
276, 0.57
277, 0.16
278, 0.96
279, 0.54
280, 0.96
281, 0.74
282, 0.96
283, 0.47
284, 0.54
285, 0.74
286, 0.47
287, 0.54
288, 0.96
289, 0.47
290, 0.47
291, 0.54
292, 0.89
293, 0.47
294, 0.08
295, 0.53
296, 0.16
297, 0.54
298, 0.01
299, 0.40
300, 0.51
301, 0.24
302, 0.47
303, 0.40
304, 0.47
305, 0.57
306, 0.40
307, 0.57
308, 0.57
309, 0.47
310, 0.54
311, 0.16
312, 0.96
313, 0.54
314, 0.47
315, 0.47
316, 0.47
317, 0.57
318, 0.46
319, 0.08
320, 0.40
321, 1.00
322, 0.08
323, 0.16
324, 0.74
325, 0.89
326, 0.77
327, 0.47
328, 0.40
329, 0.47
330, 0.08
331, 0.47
332, 0.16
333, 0.16
334, 0.96
335, 0.54
336, 0.26
337, 0.47
338, 0.47
339, 0.54
340, 0.40
341, 0.54
342, 0.26
343, 0.08
344, 1.00
345, 0.40
346, 0.16
347, 0.26
348, 0.57
349, 0.57
350, 0.57
351, 0.26
352, 0.54
353, 0.74
354, 0.47
355, 0.26
356, 0.26
357, 0.16
358, 0.33
359, 0.26
360, 0.57
361, 0.47
362, 0.53
363, 0.57
364, 0.77
365, 0.47
366, 0.54
367, 0.89
368, 0.53
369, 0.16
370, 0.54
371, 0.57
372, 0.74
373, 0.57
374, 0.89
375, 0.74
376, 0.47
377, 0.33
378, 0.47
379, 0.54
380, 0.47
381, 0.08
382, 0.16
383, 0.47
384, 0.40
385, 0.54
386, 0.08
387, 0.47
388, 0.57
389, 0.16
390, 0.96
391, 0.33
392, 0.54
393, 0.40
394, 0.47
395, 0.47
396, 0.74
397, 0.02
398, 0.47
399, 0.57
400, 0.47
401, 0.74
402, 0.54
403, 0.47
404, 0.23
405, 0.54
406, 0.16
407, 0.53
408, 0.70
409, 0.54
410, 0.08
411, 0.57
412, 0.33
413, 0.40
414, 0.02
415, 0.67
416, 0.47
417, 1.00
418, 0.47
419, 0.57
420, 0.54
421, 0.74
422, 0.54
423, 0.57
424, 1.00
425, 0.67
426, 0.33
427, 0.74
428, 0.96
429, 0.16
430, 0.40
431, 0.57
432, 0.47
433, 0.16
434, 0.96
435, 0.54
436, 0.53
437, 0.47
438, 0.54
439, 0.16
440, 0.96
441, 0.26
442, 0.33
443, 0.54
444, 0.47
445, 0.54
446, 0.47
447, 0.16
448, 0.47
449, 0.89
450, 0.57
451, 0.16
452, 0.57
453, 0.42
454, 0.47
455, 0.47
456, 0.46
457, 0.47
458, 0.54
459, 0.47
460, 0.57
461, 0.47
462, 0.47
463, 0.96
464, 0.89
465, 0.24
466, 0.40
467, 0.57
468, 1.00
469, 0.40
470, 0.40
471, 0.40
472, 0.47
473, 0.40
474, 0.89
475, 0.57
476, 1.00
477, 0.47
478, 0.16
479, 0.26
480, 0.53
481, 0.89
482, 1.00
483, 0.47
484, 0.16
485, 0.74
486, 0.26
487, 0.96
488, 0.47
489, 0.54
490, 0.26
491, 0.16
492, 0.40
493, 0.47
494, 0.47
495, 0.33
496, 0.23
497, 0.54
498, 0.57
499, 0.74
500, 0.57
501, 0.51
502, 0.01
503, 0.54
504, 0.53
505, 0.96
506, 0.67
507, 1.00
508, 0.54
509, 0.26
510, 0.54
511, 0.47
512, 0.47
513, 0.46
514, 0.51
515, 0.54
516, 0.23
517, 0.57
518, 0.26
519, 0.33
520, 0.16
521, 0.47
522, 0.16
523, 0.26
524, 0.53
525, 0.47
526, 0.47
527, 0.54
528, 0.47
529, 0.26
530, 0.47
531, 0.47
532, 0.40
533, 0.54
534, 0.26
535, 0.54
536, 0.47
537, 0.47
538, 0.53
539, 0.16
540, 0.96
541, 0.47
542, 0.47
543, 0.96
544, 0.47
545, 0.47
546, 1.00
547, 0.40
548, 0.26
549, 0.26
550, 0.26
551, 0.40
552, 1.00
553, 0.16
554, 0.54
555, 0.47
556, 0.16
557, 0.96
558, 0.54
559, 0.77
560, 0.47
561, 0.40
562, 0.77
563, 0.96
564, 0.47
565, 0.57
566, 0.86
567, 0.89
568, 0.74
569, 0.96
570, 0.47
571, 0.24
572, 0.33
573, 0.08
574, 0.70
575, 0.54
576, 0.74
577, 0.74
578, 0.47
579, 0.53
580, 0.70
581, 0.54
582, 0.47
583, 0.47
584, 0.54
585, 0.47
586, 0.08
587, 0.47
588, 0.16
589, 0.23
590, 0.40
591, 0.74
592, 0.70
593, 0.96
594, 0.47
595, 0.89
596, 0.47
597, 0.47
598, 0.47
599, 0.54
600, 0.57
601, 0.96
602, 0.77
603, 0.26
604, 0.74
605, 0.08
606, 0.26
607, 0.08
608, 0.96
609, 0.42
610, 0.54
611, 0.47
612, 0.26
613, 0.54
614, 0.54
615, 0.40
616, 0.54
617, 0.47
618, 0.51
619, 0.16
620, 0.33
621, 0.47
622, 0.54
623, 0.47
624, 0.26
625, 0.26
626, 0.54
627, 1.00
628, 0.47
629, 0.54
630, 0.33
631, 0.26
632, 0.16
633, 0.33
634, 0.89
635, 0.54
636, 0.96
637, 0.70
638, 0.47
639, 0.54
640, 0.57
641, 0.47
642, 0.47
643, 0.54
644, 0.74
645, 0.47
646, 0.47
647, 0.54
648, 1.00
649, 0.47
650, 0.54
651, 0.70
652, 0.77
653, 0.74
654, 0.89
655, 0.26
656, 0.33
657, 0.33
658, 0.16
659, 0.53
660, 1.00
661, 0.47
662, 0.54
663, 0.47
664, 0.47
665, 0.47
666, 0.40
667, 0.96
668, 0.54
669, 0.89
670, 0.74
671, 0.54
672, 0.96
673, 0.74
674, 0.26
675, 0.96
676, 0.16
677, 0.16
678, 0.08
679, 0.54
680, 1.00
681, 0.89
682, 0.47
683, 0.26
684, 0.86
685, 0.33
686, 0.47
687, 0.54
688, 0.26
689, 0.16
690, 0.77
691, 0.57
692, 0.54
693, 0.26
694, 0.74
695, 0.40
696, 0.54
697, 0.40
698, 0.47
699, 0.67
700, 0.53
701, 0.26
702, 0.47
703, 0.54
704, 0.47
705, 0.33
706, 0.26
707, 0.34
708, 0.26
709, 0.08
710, 0.96
711, 0.54
712, 0.54
713, 0.54
714, 0.40
715, 0.26
716, 0.16
717, 0.26
718, 0.33
719, 0.33
720, 0.08
721, 0.57
722, 0.08
723, 0.47
724, 0.26
725, 0.47
726, 0.54
727, 0.54
728, 0.54
729, 0.26
730, 0.26
731, 0.16
732, 0.54
733, 1.00
734, 0.16
735, 0.40
736, 0.47
737, 0.08
738, 0.54
739, 0.47
740, 0.54
741, 0.16
742, 0.54
743, 0.23
744, 0.96
745, 0.26
746, 0.26
747, 0.54
748, 0.16
749, 0.74
750, 0.47
751, 0.47
752, 0.53
753, 0.96
754, 0.54
755, 0.54
756, 0.53
757, 0.54
758, 0.02
759, 0.47
760, 0.08
761, 0.57
762, 0.47
763, 0.26
764, 0.47
765, 0.08
766, 0.77
767, 0.26
768, 0.16
769, 0.47
770, 0.74
771, 0.54
772, 0.40
773, 0.40
774, 0.54
775, 0.53
776, 0.54
777, 0.33
778, 0.74
779, 0.70
780, 0.40
781, 0.57
782, 0.77
783, 0.47
784, 0.54
785, 0.53
786, 0.26
787, 0.26
788, 0.96
789, 0.16
790, 0.16
791, 0.77
792, 0.40
793, 0.34
794, 0.40
795, 0.53
796, 0.01
797, 0.40
798, 0.53
799, 0.96
800, 0.47
801, 0.57
802, 0.54
803, 0.96
804, 0.67
805, 0.54
806, 0.42
807, 0.47
808, 0.16
809, 0.34
810, 0.54
811, 0.74
812, 0.89
813, 0.16
814, 0.40
815, 0.40
816, 1.00
817, 0.47
818, 0.16
819, 0.47
820, 0.70
821, 0.08
822, 0.89
823, 0.33
824, 0.26
825, 0.16
826, 0.26
827, 0.54
828, 1.00
829, 0.70
830, 0.16
831, 0.53
832, 0.33
833, 0.47
834, 0.54
835, 0.54
836, 0.57
837, 0.33
838, 0.77
839, 0.47
840, 0.01
841, 0.54
842, 0.54
843, 0.77
844, 0.70
845, 0.54
846, 0.54
847, 0.08
848, 0.26
849, 0.54
850, 0.01
851, 0.47
852, 0.16
853, 0.74
854, 0.67
855, 1.00
856, 0.54
857, 0.51
858, 0.54
859, 0.74
860, 0.54
861, 0.42
862, 0.70
863, 0.54
864, 0.67
865, 0.47
866, 0.47
867, 0.16
868, 0.47
869, 0.54
870, 0.16
871, 0.54
872, 0.96
873, 0.96
874, 0.08
875, 0.08
876, 0.26
877, 0.54
878, 0.51
879, 0.47
880, 0.54
881, 0.33
882, 0.26
883, 0.57
884, 0.33
885, 0.40
886, 0.96
887, 0.26
888, 0.54
889, 0.47
890, 0.57
891, 0.40
892, 0.40
893, 0.47
894, 0.96
895, 0.47
896, 0.46
897, 0.57
898, 0.42
899, 0.01
900, 0.47
901, 0.46
902, 0.74
903, 0.40
904, 0.96
905, 1.00
906, 0.26
907, 0.47
908, 0.16
909, 0.40
910, 0.89
911, 0.47
912, 0.26
913, 0.26
914, 0.47
915, 0.47
916, 0.54
917, 0.96
918, 0.53
919, 0.47
920, 0.40
921, 0.26
922, 0.53
923, 0.54
924, 0.53
925, 0.47
926, 0.47
927, 0.96
928, 0.16
929, 0.96
930, 0.47
931, 0.26
932, 0.26
933, 0.33
934, 0.54
935, 0.26
936, 0.67
937, 0.26
938, 0.47
939, 0.77
940, 0.47
941, 0.16
942, 0.47
943, 0.47
944, 0.47
945, 0.26
946, 0.53
947, 0.96
948, 0.16
949, 0.34
950, 0.47
951, 0.57
952, 0.47
953, 0.40
954, 0.26
955, 0.26
956, 0.47
957, 0.47
958, 0.47
959, 0.08
960, 0.26
961, 0.57
962, 0.47
963, 0.89
964, 0.54
965, 0.47
966, 0.46
967, 0.57
968, 0.51
969, 0.54
970, 0.26
971, 0.16
972, 0.47
973, 0.16
974, 0.47
975, 0.47
976, 0.54
977, 0.47
978, 0.40
979, 0.47
980, 0.47
981, 0.47
982, 0.47
983, 0.47
984, 0.70
985, 0.47
986, 0.34
987, 0.51
988, 0.54
989, 0.54
990, 0.16
991, 0.01
992, 0.26
993, 0.47
994, 0.16
995, 0.47
996, 0.54
997, 0.54
998, 0.23
999, 0.47
1000, 0.40
1001, 0.54
1002, 0.26
1003, 0.47
1004, 1.00
1005, 0.16
1006, 0.26
1007, 0.96
1008, 0.54
1009, 0.47
1010, 0.47
1011, 0.51
1012, 0.57
1013, 0.46
1014, 0.08
1015, 0.54
1016, 0.57
1017, 0.47
1018, 0.54
1019, 0.67
1020, 0.16
1021, 0.67
1022, 0.54
1023, 0.33
1024, 0.47
1025, 0.40
1026, 1.00
1027, 0.47
1028, 0.96
1029, 0.47
1030, 0.08
1031, 0.89
1032, 0.47
1033, 0.54
1034, 0.47
1035, 0.89
1036, 0.47
1037, 0.47
1038, 0.40
1039, 0.54
1040, 0.70
1041, 0.47
1042, 1.00
1043, 0.47
1044, 0.26
1045, 0.47
1046, 0.26
1047, 0.40
1048, 0.51
1049, 0.26
1050, 0.47
1051, 0.57
1052, 0.54
1053, 0.26
1054, 0.16
1055, 0.96
1056, 0.08
1057, 0.47
1058, 0.47
1059, 0.47
1060, 0.53
1061, 0.26
1062, 0.47
1063, 0.47
1064, 0.96
1065, 0.47
1066, 1.00
1067, 0.47
1068, 0.08
1069, 0.74
1070, 0.57
1071, 0.53
1072, 0.47
1073, 0.47
1074, 0.16
1075, 0.16
1076, 0.54
1077, 0.47
1078, 0.42
1079, 0.16
1080, 0.08
1081, 0.54
1082, 0.54
1083, 0.96
1084, 0.74
1085, 0.57
1086, 0.26
1087, 0.54
1088, 0.54
1089, 0.57
1090, 0.40
1091, 0.33
1092, 0.16
1093, 0.26
1094, 0.47
1095, 0.33
1096, 0.26
1097, 0.47
1098, 0.74
1099, 0.26
1100, 0.47
1101, 0.46
1102, 0.54
1103, 0.47
1104, 0.40
1105, 0.47
1106, 0.51
1107, 0.47
1108, 0.40
1109, 0.16
1110, 0.67
1111, 0.47
1112, 0.53
1113, 0.47
1114, 0.89
1115, 0.57
1116, 0.74
1117, 0.23
1118, 0.96
1119, 0.74
1120, 0.89
1121, 0.26
1122, 0.24
1123, 0.57
1124, 0.89
1125, 0.16
1126, 0.26
1127, 0.47
1128, 0.74
1129, 0.16
1130, 0.54
1131, 0.47
1132, 0.54
1133, 0.47
1134, 0.47
1135, 0.47
1136, 0.26
1137, 0.57
1138, 0.47
1139, 0.47
1140, 0.89
1141, 0.02
1142, 0.16
1143, 0.54
1144, 0.54
1145, 0.57
1146, 0.57
1147, 0.16
1148, 0.96
1149, 0.96
1150, 0.54
1151, 0.26
1152, 0.96
1153, 0.16
1154, 0.16
1155, 0.16
1156, 0.16
1157, 0.33
1158, 0.47
1159, 0.57
1160, 0.54
1161, 0.53
1162, 0.47
1163, 0.47
1164, 0.53
1165, 1.00
1166, 0.47
1167, 0.47
1168, 0.54
1169, 0.70
1170, 0.47
1171, 0.54
1172, 0.96
1173, 0.53
1174, 0.96
1175, 0.54
1176, 0.70
1177, 0.26
1178, 0.26
1179, 0.40
1180, 0.54
1181, 0.54
1182, 0.51
1183, 0.54
1184, 0.57
1185, 0.46
1186, 0.96
1187, 0.77
1188, 0.40
1189, 0.54
1190, 0.54
1191, 1.00
1192, 0.47
1193, 0.67
1194, 0.54
1195, 0.54
1196, 0.51
1197, 0.70
1198, 0.74
1199, 0.96
1200, 0.47
1201, 0.47
1202, 0.54
1203, 1.00
1204, 0.47
1205, 0.47
1206, 0.53
1207, 0.74
1208, 0.47
1209, 0.26
1210, 0.47
1211, 0.74
1212, 0.53
1213, 0.47
1214, 0.47
1215, 0.70
1216, 0.54
1217, 0.26
1218, 0.40
1219, 0.46
1220, 0.16
1221, 0.96
1222, 0.47
1223, 0.47
1224, 0.77
1225, 0.47
1226, 0.33
1227, 0.16
1228, 0.54
1229, 0.47
1230, 0.74
1231, 0.40
1232, 0.74
1233, 0.16
1234, 0.53
1235, 0.33
1236, 0.47
1237, 0.47
1238, 0.47
1239, 0.16
1240, 0.23
1241, 0.02
1242, 0.47
1243, 0.77
1244, 0.42
1245, 0.70
1246, 0.47
1247, 0.16
1248, 0.77
1249, 0.53
1250, 0.54
1251, 0.57
1252, 0.54
1253, 0.54
1254, 0.40
1255, 0.47
1256, 0.96
1257, 0.89
1258, 0.67
1259, 0.47
1260, 0.40
1261, 0.54
1262, 0.57
1263, 0.57
1264, 0.47
1265, 0.47
1266, 0.77
1267, 0.26
1268, 0.54
1269, 0.40
1270, 0.16
1271, 0.40
1272, 0.57
1273, 0.96
1274, 0.47
1275, 0.54
1276, 0.47
1277, 0.33
1278, 0.54
1279, 1.00
1280, 0.47
1281, 0.54
1282, 0.47
1283, 0.67
1284, 0.47
1285, 0.89
1286, 0.89
1287, 0.74
1288, 0.47
1289, 0.26
1290, 0.40
1291, 1.00
1292, 0.40
1293, 0.96
1294, 0.53
1295, 0.53
1296, 0.47
1297, 0.54
1298, 0.26
1299, 0.57
1300, 0.23
1301, 0.74
1302, 0.16
1303, 0.46
1304, 0.26
1305, 0.57
1306, 0.96
1307, 0.47
1308, 0.40
1309, 0.26
1310, 0.26
1311, 0.47
1312, 0.16
1313, 0.54
1314, 0.16
1315, 0.96
1316, 0.26
1317, 0.08
1318, 0.47
1319, 0.74
1320, 0.57
1321, 0.26
1322, 0.08
1323, 0.57
1324, 0.47
1325, 0.70
1326, 0.47
1327, 0.51
1328, 0.89
1329, 0.74
1330, 0.40
1331, 0.54
1332, 0.89
1333, 0.26
1334, 0.54
1335, 0.54
1336, 0.40
1337, 0.26
1338, 0.47
1339, 1.00
1340, 0.47
1341, 0.16
1342, 0.47
1343, 0.53
1344, 0.47
1345, 0.96
1346, 0.47
1347, 0.26
1348, 0.16
1349, 0.47
1350, 0.54
1351, 0.34
1352, 0.16
1353, 0.26
1354, 0.74
1355, 0.47
1356, 0.40
1357, 0.54
1358, 0.74
1359, 0.47
1360, 0.54
1361, 0.40
1362, 1.00
1363, 0.40
1364, 0.47
1365, 0.40
1366, 0.47
1367, 0.89
1368, 0.57
1369, 0.54
1370, 0.96
1371, 0.26
1372, 0.33
1373, 0.16
1374, 0.16
1375, 0.96
1376, 0.54
1377, 0.01
1378, 0.54
1379, 0.47
1380, 0.47
1381, 0.54
1382, 0.23
1383, 0.26
1384, 0.47
1385, 0.57
1386, 0.47
1387, 0.26
1388, 0.57
1389, 0.47
1390, 0.53
1391, 0.57
1392, 0.57
1393, 0.47
1394, 0.96
1395, 0.40
1396, 0.54
1397, 0.02
1398, 0.47
1399, 0.57
1400, 0.47
1401, 0.54
1402, 0.47
1403, 0.16
1404, 0.16
1405, 0.16
1406, 0.47
1407, 0.74
1408, 0.47
1409, 0.54
1410, 0.96
1411, 0.33
1412, 1.00
1413, 0.54
1414, 0.54
1415, 0.16
1416, 0.70
1417, 0.26
1418, 0.47
1419, 0.47
1420, 0.54
1421, 0.26
1422, 0.47
1423, 0.47
1424, 0.54
1425, 0.54
1426, 0.47
1427, 0.54
1428, 0.54
1429, 0.16
1430, 0.47
1431, 0.70
1432, 0.47
1433, 0.47
1434, 0.54
1435, 0.16
1436, 0.26
1437, 0.54
1438, 0.08
1439, 0.57
1440, 0.54
1441, 0.26
1442, 0.54
1443, 0.47
1444, 0.54
1445, 0.23
1446, 0.16
1447, 0.08
1448, 0.16
1449, 0.34
1450, 0.33
1451, 0.74
1452, 1.00
1453, 0.89
1454, 0.16
1455, 0.47
1456, 0.47
1457, 0.47
1458, 0.08
1459, 0.47
1460, 0.26
1461, 0.08
1462, 0.47
1463, 0.08
1464, 0.47
1465, 0.16
1466, 0.57
1467, 0.40
1468, 0.54
1469, 0.54
1470, 0.26
1471, 0.47
1472, 0.16
1473, 0.16
1474, 0.40
1475, 1.00
1476, 0.57
1477, 0.54
1478, 0.08
1479, 0.40
1480, 0.57
1481, 0.67
1482, 0.40
1483, 0.54
1484, 0.70
1485, 0.54
1486, 0.74
1487, 0.96
1488, 0.16
1489, 0.54
1490, 0.16
1491, 0.26
1492, 0.57
1493, 0.40
1494, 0.57
1495, 1.00
1496, 0.47
1497, 0.74
1498, 0.08
1499, 0.42
1500, 0.42
1501, 0.47
1502, 0.33
1503, 0.57
1504, 0.57
1505, 0.96
1506, 0.47
1507, 0.53
1508, 0.54
1509, 0.47
1510, 0.54
1511, 0.47
1512, 0.23
1513, 0.40
1514, 0.16
1515, 0.40
1516, 0.54
1517, 0.53
1518, 0.54
1519, 0.16
1520, 0.16
1521, 0.08
1522, 0.53
1523, 0.16
1524, 0.54
1525, 0.54
1526, 0.16
1527, 0.16
1528, 0.54
1529, 0.54
1530, 0.33
1531, 1.00
1532, 0.57
1533, 0.74
1534, 0.33
1535, 0.74
1536, 0.26
1537, 0.74
1538, 1.00
1539, 0.47
1540, 0.40
1541, 1.00
1542, 0.54
1543, 0.26
1544, 0.40
1545, 0.74
1546, 0.54
1547, 0.47
1548, 0.47
1549, 0.54
1550, 0.34
1551, 0.33
1552, 0.70
1553, 0.26
1554, 0.33
1555, 0.16
1556, 0.34
1557, 1.00
1558, 0.47
1559, 0.74
1560, 0.96
1561, 0.47
1562, 0.16
1563, 0.16
1564, 0.89
1565, 0.96
1566, 0.67
1567, 0.54
1568, 0.54
1569, 0.96
1570, 0.47
1571, 0.89
1572, 1.00
1573, 0.16
1574, 0.08
1575, 0.47
1576, 1.00
1577, 1.00
1578, 0.96
1579, 0.47
1580, 0.34
1581, 0.47
1582, 0.46
1583, 0.54
1584, 0.08
1585, 0.47
1586, 0.16
1587, 0.54
1588, 0.54
1589, 0.89
1590, 0.40
1591, 0.89
1592, 0.47
1593, 0.54
1594, 0.54
1595, 0.42
1596, 0.54
1597, 0.54
1598, 0.57
1599, 0.57
1600, 0.01
1601, 0.47
1602, 0.77
1603, 0.47
1604, 0.47
1605, 0.16
1606, 0.53
1607, 0.54
1608, 0.47
1609, 0.26
1610, 0.54
1611, 0.57
1612, 0.24
1613, 0.16
1614, 0.89
1615, 1.00
1616, 0.53
1617, 0.54
1618, 0.74
1619, 0.47
1620, 0.96
1621, 0.47
1622, 0.89
1623, 0.47
1624, 0.54
1625, 0.67
1626, 0.47
1627, 0.54
1628, 0.74
1629, 0.53
1630, 0.77
1631, 0.47
1632, 0.26
1633, 0.26
1634, 0.54
1635, 0.47
1636, 0.89
1637, 0.74
1638, 0.47
1639, 0.16
1640, 0.08
1641, 0.53
1642, 0.96
1643, 0.57
1644, 0.54
1645, 0.26
1646, 0.16
1647, 0.89
1648, 0.57
1649, 0.16
1650, 0.47
1651, 0.86
1652, 0.16
1653, 0.96
1654, 0.08
1655, 0.47
1656, 0.26
1657, 0.26
1658, 0.47
1659, 0.54
1660, 0.47
1661, 0.16
1662, 0.40
1663, 0.54
1664, 0.26
1665, 1.00
1666, 0.26
1667, 0.54
1668, 0.16
1669, 0.47
1670, 0.54
1671, 1.00
1672, 0.40
1673, 0.40
1674, 0.53
1675, 0.16
1676, 0.47
1677, 0.57
1678, 0.47
1679, 0.89
1680, 0.47
1681, 0.57
1682, 0.96
1683, 0.26
1684, 0.40
1685, 0.74
1686, 0.74
1687, 0.47
1688, 0.16
1689, 0.47
1690, 0.53
1691, 0.54
1692, 0.26
1693, 0.08
1694, 0.67
1695, 0.54
1696, 0.47
1697, 1.00
1698, 0.40
1699, 0.54
1700, 0.47
1701, 0.47
1702, 0.57
1703, 1.00
1704, 0.47
1705, 0.40
1706, 1.00
1707, 0.26
1708, 0.47
1709, 0.54
1710, 0.08
1711, 0.74
1712, 0.40
1713, 0.86
1714, 0.54
1715, 0.96
1716, 0.57
1717, 0.40
1718, 0.08
1719, 0.40
1720, 0.53
1721, 0.47
1722, 0.54
1723, 0.40
1724, 0.47
1725, 0.53
1726, 0.89
1727, 0.51
1728, 0.47
1729, 0.89
1730, 0.47
1731, 0.26
1732, 0.47
1733, 0.54
1734, 0.47
1735, 0.54
1736, 0.53
1737, 0.16
1738, 0.96
1739, 0.24
1740, 0.89
1741, 0.54
1742, 0.24
1743, 0.16
1744, 0.26
1745, 0.47
1746, 0.47
1747, 0.54
1748, 0.54
1749, 0.40
1750, 0.54
1751, 0.33
1752, 0.54
1753, 0.74
1754, 0.89
1755, 0.53
1756, 0.33
1757, 0.89
1758, 0.47
1759, 0.54
1760, 0.46
1761, 0.57
1762, 0.47
1763, 0.40
1764, 0.53
1765, 0.74
1766, 0.54
1767, 0.96
1768, 0.40
1769, 0.54
1770, 0.47
1771, 0.47
1772, 0.47
1773, 0.47
1774, 0.47
1775, 0.47
1776, 0.47
1777, 0.26
1778, 0.54
1779, 0.47
1780, 0.96
1781, 0.54
1782, 0.47
1783, 0.40
1784, 0.34
1785, 0.33
1786, 0.40
1787, 1.00
1788, 0.33
1789, 0.26
1790, 0.47
1791, 0.16
1792, 0.54
1793, 0.47
1794, 0.33
1795, 0.08
1796, 0.34
1797, 0.54
1798, 0.16
1799, 0.47
1800, 0.96
1801, 0.47
1802, 0.54
1803, 0.53
1804, 0.47
1805, 0.40
1806, 1.00
1807, 0.47
1808, 0.54
1809, 0.47
1810, 0.47
1811, 0.54
1812, 0.53
1813, 0.74
1814, 0.33
1815, 0.54
1816, 0.23
1817, 0.54
1818, 0.54
1819, 0.33
1820, 0.54
1821, 0.67
1822, 0.57
1823, 0.01
1824, 0.33
1825, 0.33
1826, 0.40
1827, 0.42
1828, 0.08
1829, 0.47
1830, 0.54
1831, 0.47
1832, 0.42
1833, 0.96
1834, 0.47
1835, 0.34
1836, 0.77
1837, 0.47
1838, 0.47
1839, 0.16
1840, 0.23
1841, 0.26
1842, 0.47
1843, 0.16
1844, 0.47
1845, 0.26
1846, 0.89
1847, 0.16
1848, 0.47
1849, 0.26
1850, 0.54
1851, 0.40
1852, 0.67
1853, 0.67
1854, 0.54
1855, 0.47
1856, 0.54
1857, 0.26
1858, 0.47
1859, 0.26
1860, 0.16
1861, 0.26
1862, 0.89
1863, 0.08
1864, 0.33
1865, 0.67
1866, 0.54
1867, 0.70
1868, 0.47
1869, 0.47
1870, 0.16
1871, 0.47
1872, 0.40
1873, 0.47
1874, 0.26
1875, 0.74
1876, 1.00
1877, 0.47
1878, 0.26
1879, 0.57
1880, 1.00
1881, 0.89
1882, 0.54
1883, 0.08
1884, 0.47
1885, 0.16
1886, 0.40
1887, 0.08
1888, 0.46
1889, 0.47
1890, 0.57
1891, 0.54
1892, 0.96
1893, 0.40
1894, 0.08
1895, 0.57
1896, 0.40
1897, 0.47
1898, 0.47
1899, 0.89
1900, 0.54
1901, 0.40
1902, 0.96
1903, 0.57
1904, 0.47
1905, 0.57
1906, 0.47
1907, 0.96
1908, 0.54
1909, 0.54
1910, 0.47
1911, 0.47
1912, 0.89
1913, 0.47
1914, 0.53
1915, 0.47
1916, 0.54
1917, 0.47
1918, 0.40
1919, 0.89
1920, 0.26
1921, 0.96
1922, 0.57
1923, 0.54
1924, 0.96
1925, 0.47
1926, 0.40
1927, 0.47
1928, 0.54
1929, 0.40
1930, 0.08
1931, 0.26
1932, 0.16
1933, 0.67
1934, 0.40
1935, 0.33
1936, 0.47
1937, 0.57
1938, 0.54
1939, 0.47
1940, 0.47
1941, 0.47
1942, 0.47
1943, 0.54
1944, 1.00
1945, 0.24
1946, 0.77
1947, 0.08
1948, 0.47
1949, 0.89
1950, 0.33
1951, 0.47
1952, 0.67
1953, 0.57
1954, 0.54
1955, 0.47
1956, 0.54
1957, 0.70
1958, 0.54
1959, 0.74
1960, 0.34
1961, 0.96
1962, 0.74
1963, 0.54
1964, 0.74
1965, 0.26
1966, 0.26
1967, 0.57
1968, 0.16
1969, 0.53
1970, 0.96
1971, 0.54
1972, 0.96
1973, 0.47
1974, 0.47
1975, 0.54
1976, 0.33
1977, 0.74
1978, 0.47
1979, 0.54
1980, 0.40
1981, 0.47
1982, 0.40
1983, 0.40
1984, 0.47
1985, 0.47
1986, 1.00
1987, 0.33
1988, 0.47
1989, 0.40
1990, 0.54
1991, 0.33
1992, 0.74
1993, 0.53
1994, 0.54
1995, 0.57
1996, 0.47
1997, 0.47
1998, 0.74
1999, 0.47
2000, 0.47
2001, 0.08
2002, 0.47
2003, 0.26
2004, 1.00
2005, 0.89
2006, 0.54
2007, 0.74
2008, 0.24
2009, 0.47
2010, 0.96
2011, 0.77
2012, 0.40
2013, 0.47
2014, 0.57
2015, 0.57
2016, 0.47
2017, 0.47
2018, 0.53
2019, 0.24
2020, 0.26
2021, 0.47
2022, 0.40
2023, 0.16
2024, 0.47
2025, 0.26
2026, 0.40
2027, 0.89
2028, 0.47
2029, 0.96
2030, 0.08
2031, 0.54
2032, 0.26
2033, 0.26
2034, 0.47
2035, 0.47
2036, 0.47
2037, 0.26
2038, 0.54
2039, 0.54
2040, 0.08
2041, 0.47
2042, 0.47
2043, 0.40
2044, 0.40
2045, 0.26
2046, 0.57
2047, 0.34
2048, 0.33
2049, 0.54
2050, 0.47
2051, 0.01
2052, 0.70
2053, 0.54
2054, 0.46
2055, 0.47
2056, 0.47
2057, 0.47
2058, 0.54
2059, 0.57
2060, 0.26
2061, 0.47
2062, 0.47
2063, 0.54
2064, 0.40
2065, 1.00
2066, 0.42
2067, 0.54
2068, 0.23
2069, 0.01
2070, 0.33
2071, 0.40
2072, 0.08
2073, 0.57
2074, 0.40
2075, 0.70
2076, 0.47
2077, 0.26
2078, 0.47
2079, 0.40
2080, 0.77
2081, 0.89
2082, 0.54
2083, 0.47
2084, 0.54
2085, 0.26
2086, 0.46
2087, 0.96
2088, 0.47
2089, 0.47
2090, 0.47
2091, 0.54
2092, 0.74
2093, 0.54
2094, 0.67
2095, 0.54
2096, 0.47
2097, 0.16
2098, 0.08
2099, 0.47
2100, 0.23
2101, 0.47
2102, 0.26
2103, 0.54
2104, 0.08
2105, 0.89
2106, 0.57
2107, 1.00
2108, 0.47
2109, 0.57
2110, 0.57
2111, 0.70
2112, 0.34
2113, 0.47
2114, 0.16
2115, 1.00
2116, 0.08
2117, 0.54
2118, 0.16
2119, 0.53
2120, 0.70
2121, 0.54
2122, 0.40
2123, 0.54
2124, 0.57
2125, 0.47
2126, 0.47
2127, 0.54
2128, 0.54
2129, 0.47
2130, 0.54
2131, 0.47
2132, 0.47
2133, 0.96
2134, 0.96
2135, 0.54
2136, 0.53
2137, 0.89
2138, 0.47
2139, 0.54
2140, 0.42
2141, 0.96
2142, 0.57
2143, 1.00
2144, 0.47
2145, 0.54
2146, 0.47
2147, 0.54
2148, 0.74
2149, 0.01
2150, 0.16
2151, 0.77
2152, 0.33
2153, 0.47
2154, 0.89
2155, 0.57
2156, 0.47
2157, 0.47
2158, 0.47
2159, 0.86
2160, 0.77
2161, 0.74
2162, 0.53
2163, 0.16
2164, 0.70
2165, 0.54
2166, 0.57
2167, 0.54
2168, 0.89
2169, 0.47
2170, 0.51
2171, 0.47
2172, 0.26
2173, 0.67
2174, 0.08
2175, 0.54
2176, 0.54
2177, 0.54
2178, 0.47
2179, 0.47
2180, 0.54
2181, 0.47
2182, 0.96
2183, 0.54
2184, 0.53
2185, 0.47
2186, 0.54
2187, 0.34
2188, 0.77
2189, 0.26
2190, 0.16
2191, 0.08
2192, 0.26
2193, 1.00
2194, 0.26
2195, 0.26
2196, 0.57
2197, 0.08
2198, 0.54
2199, 0.40
2200, 0.47
2201, 0.47
2202, 0.96
2203, 0.89
2204, 0.74
2205, 0.34
2206, 0.02
2207, 0.26
2208, 0.08
2209, 0.23
2210, 0.96
2211, 0.16
2212, 0.54
2213, 0.47
2214, 0.16
2215, 0.47
2216, 0.02
2217, 0.96
2218, 0.54
2219, 0.40
2220, 0.54
2221, 0.47
2222, 0.47
2223, 0.57
2224, 0.02
2225, 0.47
2226, 0.74
2227, 0.54
2228, 0.47
2229, 0.26
2230, 0.47
2231, 0.33
2232, 0.89
2233, 0.40
2234, 0.47
2235, 0.40
2236, 0.47
2237, 0.47
2238, 0.51
2239, 0.54
2240, 0.47
2241, 0.47
2242, 0.54
2243, 0.96
2244, 0.01
2245, 0.57
2246, 0.33
2247, 0.34
2248, 0.34
2249, 0.16
2250, 0.96
2251, 0.47
2252, 0.67
2253, 0.54
2254, 0.08
2255, 0.89
2256, 0.16
2257, 0.47
2258, 0.47
2259, 0.16
2260, 0.89
2261, 0.96
2262, 0.74
2263, 0.47
2264, 0.16
2265, 0.34
2266, 0.54
2267, 0.01
2268, 0.96
2269, 0.74
2270, 0.08
2271, 0.47
2272, 0.57
2273, 0.47
2274, 0.08
2275, 0.89
2276, 0.33
2277, 0.54
2278, 0.33
2279, 0.16
2280, 0.57
2281, 0.53
2282, 0.53
2283, 0.54
2284, 0.54
2285, 0.47
2286, 0.70
2287, 0.16
2288, 0.47
2289, 0.74
2290, 0.96
2291, 0.40
2292, 0.96
2293, 0.96
2294, 0.70
2295, 0.57
2296, 0.74
2297, 0.77
2298, 0.40
2299, 0.16
2300, 1.00
2301, 0.47
2302, 0.16
2303, 0.40
2304, 0.53
2305, 0.70
2306, 0.26
2307, 0.74
2308, 0.54
2309, 0.77
2310, 0.40
2311, 0.47
2312, 0.24
2313, 0.40
2314, 0.54
2315, 0.47
2316, 0.57
2317, 0.89
2318, 0.74
2319, 0.40
2320, 0.54
2321, 0.57
2322, 0.34
2323, 0.26
2324, 0.47
2325, 0.46
2326, 0.23
2327, 0.23
2328, 0.40
2329, 0.16
2330, 0.47
2331, 0.26
2332, 0.54
2333, 0.89
2334, 0.54
2335, 0.26
2336, 0.96
2337, 0.54
2338, 0.54
2339, 0.47
2340, 0.47
2341, 0.33
2342, 0.16
2343, 0.89
2344, 0.46
2345, 0.33
2346, 0.54
2347, 0.54
2348, 0.34
2349, 0.47
2350, 0.26
2351, 1.00
2352, 0.47
2353, 0.16
2354, 0.74
2355, 0.54
2356, 0.16
2357, 1.00
2358, 0.47
2359, 0.08
2360, 0.26
2361, 1.00
2362, 0.47
2363, 0.96
2364, 0.54
2365, 0.74
2366, 0.26
2367, 0.08
2368, 0.47
2369, 0.40
2370, 0.47
2371, 0.33
2372, 0.24
2373, 0.47
2374, 0.26
2375, 0.47
2376, 0.57
2377, 0.47
2378, 0.40
2379, 0.54
2380, 0.40
2381, 0.01
2382, 0.54
2383, 0.40
2384, 0.47
2385, 0.89
2386, 0.54
2387, 1.00
2388, 0.26
2389, 0.89
2390, 0.70
2391, 0.33
2392, 0.89
2393, 0.26
2394, 0.08
2395, 0.54
2396, 0.47
2397, 0.47
2398, 1.00
2399, 0.26
2400, 0.54
2401, 0.47
2402, 0.47
2403, 0.47
2404, 0.42
2405, 0.54
2406, 0.54
2407, 0.01
2408, 0.96
2409, 0.16
2410, 0.67
2411, 0.40
2412, 0.89
2413, 0.33
2414, 0.26
2415, 0.54
2416, 0.47
2417, 0.74
2418, 0.47
2419, 0.96
2420, 0.57
2421, 0.96
2422, 0.54
2423, 0.47
2424, 0.57
2425, 0.47
2426, 0.24
2427, 0.70
2428, 0.53
2429, 0.47
2430, 0.47
2431, 0.54
2432, 0.57
2433, 0.89
2434, 0.26
2435, 0.47
2436, 0.16
2437, 0.51
2438, 0.46
2439, 0.26
2440, 0.23
2441, 0.16
2442, 0.53
2443, 0.54
2444, 0.23
2445, 0.26
2446, 0.08
2447, 0.47
2448, 0.47
2449, 0.77
2450, 0.47
2451, 0.40
2452, 0.47
2453, 0.51
2454, 0.26
2455, 0.47
2456, 0.89
2457, 0.57
2458, 0.26
2459, 0.40
2460, 0.89
2461, 0.96
2462, 0.47
2463, 0.89
2464, 0.57
2465, 0.40
2466, 0.23
2467, 0.89
2468, 0.47
2469, 0.16
2470, 0.54
2471, 0.47
2472, 0.02
2473, 0.54
2474, 0.47
2475, 0.33
2476, 0.57
2477, 0.47
2478, 0.34
2479, 0.96
2480, 0.74
2481, 0.47
2482, 0.96
2483, 0.47
2484, 0.57
2485, 0.16
2486, 0.54
2487, 0.54
2488, 0.47
2489, 0.47
2490, 0.47
2491, 0.70
2492, 0.40
2493, 0.54
2494, 0.54
2495, 0.23
2496, 0.47
2497, 0.40
2498, 0.89
2499, 0.47
2500, 0.47
2501, 0.46
2502, 0.16
2503, 0.16
2504, 0.33
2505, 0.74
2506, 0.47
2507, 0.67
2508, 0.51
2509, 0.16
2510, 0.33
2511, 0.46
2512, 0.54
2513, 1.00
2514, 1.00
2515, 0.86
2516, 0.96
2517, 0.08
2518, 0.47
2519, 0.08
2520, 0.47
2521, 0.54
2522, 0.57
2523, 0.47
2524, 0.26
2525, 0.54
2526, 0.16
2527, 0.67
2528, 0.53
2529, 0.57
2530, 0.67
2531, 0.47
2532, 0.54
2533, 0.54
2534, 0.33
2535, 0.08
2536, 0.47
2537, 0.74
2538, 0.47
2539, 0.53
2540, 0.46
2541, 0.96
2542, 0.16
2543, 0.77
2544, 0.47
2545, 0.47
2546, 0.16
2547, 0.47
2548, 0.40
2549, 0.47
2550, 0.96
2551, 0.47
2552, 0.57
2553, 0.89
2554, 0.47
2555, 0.67
2556, 0.16
2557, 0.54
2558, 0.40
2559, 0.54
2560, 0.47
2561, 0.16
2562, 0.96
2563, 0.89
2564, 0.26
2565, 0.47
2566, 0.47
2567, 0.47
2568, 0.70
2569, 1.00
2570, 0.33
2571, 0.16
2572, 0.47
2573, 0.89
2574, 0.47
2575, 0.47
2576, 0.53
2577, 0.16
2578, 0.70
2579, 0.47
2580, 0.47
2581, 0.47
2582, 0.47
2583, 0.54
2584, 0.46
2585, 0.40
2586, 0.54
2587, 0.40
2588, 0.16
2589, 0.47
2590, 0.26
2591, 0.47
2592, 0.57
2593, 0.70
2594, 0.47
2595, 0.57
2596, 0.23
2597, 0.54
2598, 0.26
2599, 0.47
2600, 0.47
2601, 0.54
2602, 0.47
2603, 0.47
2604, 0.40
2605, 0.40
2606, 0.89
2607, 0.47
2608, 0.47
2609, 0.54
2610, 0.16
2611, 0.26
2612, 0.54
2613, 0.74
2614, 0.02
2615, 0.54
2616, 0.54
2617, 0.96
2618, 0.54
2619, 0.16
2620, 0.74
2621, 0.47
2622, 0.89
2623, 0.47
2624, 0.23
2625, 0.53
2626, 0.96
2627, 0.96
2628, 0.74
2629, 0.47
2630, 0.70
2631, 0.40
2632, 0.53
2633, 0.96
2634, 0.53
2635, 0.26
2636, 0.40
2637, 0.16
2638, 0.08
2639, 0.47
2640, 0.47
2641, 0.47
2642, 0.47
2643, 0.47
2644, 0.54
2645, 0.67
2646, 0.16
2647, 0.47
2648, 0.70
2649, 0.70
2650, 0.54
2651, 0.54
2652, 0.47
2653, 0.08
2654, 0.74
2655, 0.54
2656, 0.57
2657, 0.96
2658, 0.54
2659, 0.42
2660, 0.54
2661, 0.47
2662, 0.96
2663, 0.54
2664, 0.26
2665, 0.47
2666, 0.47
2667, 0.54
2668, 0.54
2669, 0.16
2670, 0.40
2671, 0.96
2672, 0.23
2673, 0.74
2674, 0.54
2675, 0.08
2676, 0.40
2677, 0.47
2678, 0.89
2679, 0.47
2680, 0.47
2681, 0.96
2682, 0.74
2683, 0.89
2684, 0.47
2685, 0.42
2686, 0.74
2687, 0.54
2688, 0.26
2689, 0.47
2690, 0.26
2691, 0.53
2692, 0.70
2693, 0.02
2694, 0.47
2695, 0.47
2696, 0.47
2697, 0.47
2698, 0.54
2699, 0.54
2700, 0.47
2701, 0.47
2702, 0.47
2703, 0.47
2704, 0.47
2705, 0.54
2706, 0.96
2707, 0.47
2708, 0.74
2709, 0.57
2710, 0.89
2711, 0.47
2712, 0.89
2713, 0.54
2714, 0.53
2715, 0.16
2716, 0.26
2717, 0.16
2718, 0.53
2719, 0.74
2720, 0.47
2721, 1.00
2722, 0.47
2723, 0.77
2724, 0.54
2725, 0.08
2726, 0.47
2727, 0.47
2728, 0.47
2729, 0.47
2730, 0.47
2731, 0.47
2732, 0.74
2733, 0.16
2734, 0.33
2735, 0.47
2736, 0.70
2737, 0.47
2738, 0.47
2739, 0.47
2740, 0.47
2741, 0.89
2742, 1.00
2743, 0.89
2744, 0.16
2745, 0.33
2746, 0.47
2747, 0.24
2748, 0.54
2749, 0.54
2750, 0.54
2751, 0.47
2752, 0.16
2753, 0.57
2754, 0.89
2755, 0.96
2756, 0.16
2757, 0.54
2758, 0.96
2759, 0.47
2760, 0.47
2761, 0.08
2762, 0.26
2763, 0.26
2764, 0.47
2765, 0.57
2766, 0.54
2767, 0.57
2768, 0.33
2769, 0.67
2770, 0.70
2771, 0.57
2772, 0.26
2773, 0.54
2774, 0.53
2775, 0.08
2776, 0.89
2777, 0.89
2778, 0.53
2779, 0.08
2780, 0.40
2781, 0.74
2782, 0.16
2783, 0.54
2784, 0.89
2785, 0.47
2786, 0.89
2787, 0.77
2788, 0.08
2789, 0.57
2790, 0.47
2791, 0.47
2792, 0.96
2793, 0.40
2794, 0.46
2795, 0.77
2796, 0.53
2797, 0.40
2798, 0.74
2799, 0.54
2800, 0.08
2801, 0.16
2802, 0.33
2803, 0.54
2804, 0.16
2805, 0.57
2806, 0.16
2807, 0.54
2808, 0.54
2809, 0.47
2810, 0.53
2811, 0.16
2812, 0.26
2813, 0.26
2814, 0.47
2815, 0.57
2816, 0.47
2817, 0.08
2818, 0.47
2819, 0.54
2820, 0.96
2821, 0.47
2822, 0.74
2823, 0.08
2824, 0.86
2825, 0.16
2826, 1.00
2827, 0.42
2828, 0.47
2829, 0.47
2830, 0.70
2831, 0.54
2832, 0.47
2833, 0.47
2834, 1.00
2835, 0.47
2836, 0.42
2837, 0.89
2838, 0.47
2839, 0.57
2840, 0.47
2841, 0.42
2842, 0.70
2843, 0.47
2844, 0.40
2845, 0.57
2846, 0.47
2847, 0.47
2848, 0.74
2849, 0.74
2850, 0.47
2851, 0.53
2852, 0.16
2853, 0.74
2854, 0.47
2855, 0.54
2856, 0.16
2857, 0.89
2858, 0.26
2859, 0.47
2860, 0.47
2861, 0.54
2862, 0.47
2863, 0.57
2864, 0.54
2865, 0.53
2866, 0.54
2867, 0.33
2868, 0.74
2869, 0.51
2870, 0.77
2871, 0.16
2872, 0.47
2873, 0.47
2874, 0.33
2875, 0.47
2876, 0.16
2877, 0.26
2878, 0.74
2879, 0.54
2880, 0.89
2881, 0.40
2882, 0.96
2883, 0.96
2884, 1.00
2885, 0.47
2886, 0.47
2887, 0.67
2888, 0.47
2889, 0.54
2890, 0.33
2891, 0.54
2892, 0.53
2893, 0.67
2894, 0.54
2895, 0.54
2896, 0.96
2897, 0.16
2898, 0.89
2899, 0.47
2900, 0.47
2901, 0.47
2902, 0.96
2903, 0.96
2904, 0.16
2905, 0.40
2906, 0.54
2907, 0.67
2908, 0.74
2909, 0.16
2910, 1.00
2911, 0.47
2912, 0.26
2913, 0.54
2914, 0.54
2915, 1.00
2916, 0.57
2917, 0.08
2918, 0.86
2919, 0.26
2920, 0.23
2921, 0.96
2922, 0.47
2923, 0.40
2924, 0.57
2925, 0.47
2926, 0.54
2927, 0.54
2928, 0.47
2929, 0.47
2930, 0.40
2931, 0.47
2932, 0.47
2933, 0.47
2934, 0.40
2935, 0.70
2936, 0.47
2937, 0.40
2938, 0.89
2939, 0.16
2940, 0.74
2941, 0.24
2942, 0.40
2943, 0.77
2944, 0.54
2945, 0.16
2946, 0.57
2947, 0.26
2948, 0.96
2949, 0.96
2950, 0.16
2951, 0.40
2952, 0.54
2953, 0.47
2954, 1.00
2955, 0.47
2956, 0.47
2957, 1.00
2958, 0.26
2959, 0.42
2960, 0.54
2961, 0.33
2962, 0.47
2963, 0.26
2964, 0.67
2965, 0.26
2966, 0.47
2967, 0.47
2968, 0.34
2969, 0.54
2970, 0.08
2971, 0.54
2972, 0.16
2973, 0.89
2974, 0.77
2975, 0.16
2976, 0.57
2977, 0.24
2978, 0.47
2979, 0.16
2980, 0.47
2981, 0.40
2982, 0.40
2983, 0.47
2984, 0.46
2985, 0.57
2986, 0.54
2987, 0.08
2988, 0.40
2989, 0.23
2990, 0.47
2991, 0.54
2992, 0.89
2993, 0.26
2994, 0.47
2995, 0.70
2996, 0.26
2997, 0.74
2998, 0.47
2999, 0.57
3000, 0.08
3001, 0.47
3002, 0.47
3003, 0.89
3004, 0.89
3005, 0.24
3006, 0.26
3007, 0.67
3008, 0.33
3009, 0.47
3010, 0.54
3011, 0.40
3012, 0.54
3013, 0.54
3014, 0.47
3015, 0.47
3016, 0.47
3017, 0.74
3018, 0.47
3019, 0.47
3020, 0.47
3021, 0.74
3022, 0.40
3023, 0.77
3024, 0.54
3025, 0.47
3026, 0.40
3027, 0.47
3028, 0.47
3029, 0.26
3030, 0.26
3031, 0.96
3032, 0.24
3033, 0.53
3034, 0.53
3035, 0.54
3036, 0.54
3037, 0.40
3038, 0.47
3039, 0.74
3040, 0.57
3041, 0.16
3042, 0.23
3043, 0.26
3044, 0.54
3045, 0.57
3046, 0.57
3047, 0.01
3048, 0.40
3049, 0.26
3050, 0.16
3051, 0.54
3052, 0.53
3053, 0.26
3054, 0.02
3055, 0.54
3056, 0.77
3057, 0.47
3058, 0.74
3059, 0.51
3060, 0.47
3061, 0.54
3062, 0.40
3063, 0.26
3064, 0.16
3065, 0.47
3066, 0.47
3067, 0.54
3068, 0.54
3069, 0.47
3070, 0.67
3071, 0.40
3072, 0.74
3073, 0.47
3074, 0.40
3075, 0.23
3076, 0.54
3077, 0.34
3078, 0.53
3079, 0.51
3080, 0.54
3081, 1.00
3082, 1.00
3083, 0.70
3084, 0.33
3085, 0.47
3086, 0.40
3087, 0.47
3088, 0.47
3089, 0.96
3090, 0.47
3091, 0.33
3092, 0.16
3093, 0.47
3094, 0.96
3095, 0.54
3096, 0.26
3097, 0.54
3098, 0.67
3099, 0.47
3100, 0.96
3101, 0.57
3102, 0.16
3103, 0.26
3104, 0.08
3105, 0.47
3106, 0.54
3107, 0.47
3108, 0.54
3109, 0.42
3110, 1.00
3111, 0.47
3112, 0.40
3113, 0.74
3114, 0.42
3115, 0.47
3116, 0.26
3117, 0.47
3118, 0.26
3119, 0.47
3120, 0.54
3121, 0.40
3122, 0.26
3123, 0.54
3124, 0.96
3125, 0.47
3126, 0.47
3127, 0.54
3128, 0.34
3129, 0.40
3130, 0.89
3131, 0.67
3132, 0.54
3133, 0.57
3134, 0.47
3135, 0.57
3136, 0.47
3137, 0.47
3138, 0.54
3139, 0.47
3140, 0.47
3141, 0.47
3142, 0.96
3143, 0.47
3144, 0.74
3145, 0.08
3146, 0.47
3147, 0.40
3148, 0.47
3149, 0.40
3150, 0.40
3151, 0.47
3152, 0.54
3153, 0.26
3154, 0.89
3155, 0.26
3156, 0.47
3157, 0.67
3158, 0.47
3159, 0.96
3160, 0.96
3161, 0.47
3162, 0.74
3163, 0.57
3164, 0.96
3165, 0.40
3166, 0.67
3167, 0.08
3168, 0.74
3169, 0.74
3170, 0.67
3171, 0.57
3172, 0.54
3173, 1.00
3174, 0.57
3175, 0.54
3176, 0.53
3177, 0.26
3178, 0.46
3179, 0.16
3180, 0.16
3181, 0.47
3182, 0.54
3183, 0.47
3184, 0.47
3185, 0.26
3186, 0.16
3187, 0.47
3188, 0.51
3189, 0.47
3190, 0.33
3191, 0.96
3192, 0.47
3193, 0.40
3194, 1.00
3195, 0.08
3196, 0.67
3197, 0.67
3198, 0.54
3199, 0.40
3200, 0.53
3201, 0.54
3202, 0.54
3203, 0.47
3204, 0.96
3205, 0.47
3206, 0.47
3207, 1.00
3208, 0.53
3209, 0.54
3210, 0.46
3211, 0.96
3212, 0.89
3213, 0.08
3214, 0.26
3215, 0.96
3216, 0.08
3217, 0.47
3218, 0.74
3219, 0.47
3220, 0.54
3221, 0.23
3222, 0.89
3223, 0.54
3224, 0.47
3225, 0.47
3226, 0.53
3227, 0.47
3228, 0.54
3229, 0.47
3230, 0.47
3231, 0.33
3232, 0.96
3233, 0.47
3234, 0.47
3235, 0.16
3236, 0.54
3237, 0.53
3238, 0.74
3239, 0.74
3240, 0.23
3241, 0.40
3242, 0.40
3243, 0.26
3244, 0.47
3245, 0.47
3246, 0.47
3247, 1.00
3248, 0.40
3249, 0.54
3250, 0.16
3251, 0.54
3252, 0.96
3253, 0.54
3254, 0.96
3255, 0.54
3256, 0.26
3257, 0.47
3258, 0.89
3259, 0.47
3260, 0.02
3261, 0.16
3262, 0.26
3263, 0.57
3264, 0.53
3265, 0.54
3266, 0.54
3267, 0.08
3268, 0.54
3269, 0.74
3270, 0.67
3271, 0.54
3272, 0.26
3273, 0.54
3274, 0.96
3275, 0.89
3276, 0.34
3277, 0.47
3278, 0.53
3279, 0.89
3280, 0.74
3281, 0.33
3282, 0.74
3283, 0.16
3284, 0.47
3285, 0.33
3286, 0.96
3287, 0.33
3288, 0.54
3289, 0.47
3290, 0.16
3291, 0.89
3292, 0.96
3293, 0.53
3294, 0.40
3295, 0.16
3296, 0.33
3297, 0.40
3298, 0.54
3299, 0.47
3300, 0.33
3301, 0.47
3302, 0.54
3303, 0.51
3304, 0.47
3305, 0.42
3306, 0.47
3307, 0.47
3308, 0.47
3309, 0.47
3310, 1.00
3311, 0.47
3312, 0.54
3313, 0.96
3314, 0.57
3315, 0.16
3316, 0.47
3317, 0.33
3318, 0.57
3319, 0.47
3320, 0.57
3321, 0.47
3322, 0.33
3323, 0.54
3324, 0.47
3325, 0.47
3326, 0.40
3327, 0.16
3328, 0.54
3329, 0.16
3330, 0.47
3331, 0.47
3332, 0.54
3333, 0.54
3334, 0.54
3335, 0.89
3336, 0.08
3337, 0.26
3338, 0.08
3339, 0.74
3340, 0.89
3341, 0.57
3342, 1.00
3343, 0.08
3344, 0.54
3345, 0.57
3346, 0.54
3347, 0.33
3348, 0.26
3349, 0.67
3350, 0.47
3351, 0.47
3352, 0.01
3353, 0.47
3354, 0.47
3355, 0.16
3356, 0.77
3357, 0.77
3358, 0.08
3359, 0.33
3360, 0.54
3361, 0.57
3362, 0.47
3363, 0.54
3364, 0.86
3365, 0.47
3366, 0.47
3367, 0.40
3368, 0.23
3369, 0.53
3370, 0.54
3371, 0.16
3372, 0.33
3373, 0.47
3374, 0.57
3375, 0.47
3376, 0.23
3377, 0.89
3378, 0.26
3379, 0.47
3380, 0.02
3381, 0.16
3382, 0.16
3383, 0.33
3384, 0.16
3385, 0.47
3386, 1.00
3387, 0.53
3388, 0.54
3389, 0.47
3390, 0.74
3391, 0.33
3392, 0.67
3393, 0.16
3394, 0.70
3395, 0.40
3396, 1.00
3397, 0.47
3398, 0.26
3399, 0.54
3400, 1.00
3401, 0.47
3402, 0.53
3403, 0.47
3404, 0.33
3405, 0.40
3406, 0.47
3407, 0.16
3408, 0.23
3409, 0.08
3410, 0.47
3411, 0.26
3412, 0.89
3413, 0.24
3414, 0.96
3415, 0.47
3416, 0.16
3417, 0.96
3418, 0.47
3419, 0.08
3420, 0.16
3421, 0.08
3422, 0.74
3423, 0.16
3424, 0.51
3425, 0.96
3426, 0.54
3427, 0.54
3428, 0.47
3429, 0.57
3430, 0.54
3431, 0.89
3432, 0.42
3433, 0.47
3434, 0.47
3435, 0.54
3436, 0.47
3437, 1.00
3438, 0.08
3439, 0.08
3440, 0.16
3441, 0.24
3442, 0.08
3443, 0.47
3444, 0.33
3445, 0.47
3446, 0.77
3447, 0.74
3448, 0.53
3449, 0.57
3450, 0.16
3451, 0.70
3452, 0.47
3453, 0.54
3454, 0.96
3455, 0.08
3456, 0.16
3457, 0.89
3458, 0.47
3459, 0.51
3460, 0.54
3461, 0.16
3462, 0.89
3463, 0.89
3464, 0.42
3465, 0.16
3466, 0.54
3467, 0.26
3468, 0.16
3469, 0.54
3470, 0.16
3471, 0.54
3472, 0.54
3473, 0.40
3474, 0.54
3475, 0.74
3476, 0.54
3477, 0.40
3478, 0.47
3479, 0.54
3480, 0.54
3481, 0.26
3482, 0.26
3483, 0.67
3484, 0.16
3485, 1.00
3486, 0.54
3487, 0.47
3488, 0.40
3489, 0.47
3490, 0.74
3491, 0.40
3492, 0.89
3493, 0.40
3494, 0.54
3495, 0.40
3496, 0.01
3497, 0.47
3498, 0.33
3499, 0.70
3500, 0.16
3501, 0.40
3502, 0.47
3503, 0.26
3504, 0.16
3505, 0.54
3506, 0.16
3507, 0.54
3508, 0.54
3509, 0.54
3510, 0.47
3511, 0.47
3512, 0.46
3513, 0.54
3514, 0.54
3515, 0.23
3516, 0.89
3517, 0.47
3518, 0.08
3519, 0.40
3520, 0.54
3521, 0.54
3522, 0.08
3523, 0.47
3524, 0.54
3525, 1.00
3526, 0.54
3527, 0.54
3528, 0.89
3529, 0.26
3530, 0.54
3531, 0.33
3532, 0.40
3533, 0.54
3534, 0.54
3535, 0.54
3536, 0.47
3537, 0.54
3538, 0.47
3539, 0.47
3540, 0.47
3541, 0.96
3542, 0.16
3543, 0.54
3544, 0.08
3545, 0.54
3546, 0.47
3547, 0.70
3548, 0.51
3549, 0.70
3550, 0.33
3551, 0.47
3552, 0.47
3553, 0.47
3554, 1.00
3555, 0.40
3556, 0.47
3557, 0.16
3558, 0.47
3559, 0.47
3560, 0.16
3561, 0.96
3562, 0.57
3563, 0.08
3564, 0.16
3565, 0.16
3566, 0.47
3567, 0.47
3568, 0.08
3569, 0.96
3570, 0.47
3571, 0.74
3572, 0.08
3573, 0.67
3574, 0.96
3575, 0.26
3576, 0.33
3577, 0.23
3578, 0.47
3579, 0.08
3580, 0.24
3581, 0.57
3582, 0.26
3583, 0.74
3584, 0.54
3585, 0.57
3586, 0.96
3587, 0.16
3588, 0.86
3589, 0.67
3590, 0.47
3591, 0.47
3592, 0.54
3593, 0.40
3594, 0.16
3595, 0.96
3596, 0.16
3597, 0.16
3598, 0.47
3599, 0.47
3600, 0.08
3601, 0.47
3602, 0.08
3603, 1.00
3604, 0.26
3605, 0.47
3606, 0.47
3607, 0.01
3608, 0.26
3609, 0.67
3610, 0.42
3611, 0.47
3612, 0.54
3613, 0.26
3614, 0.47
3615, 0.16
3616, 1.00
3617, 0.40
3618, 0.24
3619, 0.08
3620, 0.47
3621, 0.16
3622, 0.54
3623, 0.96
3624, 0.47
3625, 0.96
3626, 0.40
3627, 0.57
3628, 0.47
3629, 0.47
3630, 0.54
3631, 1.00
3632, 0.47
3633, 0.02
3634, 0.47
3635, 0.54
3636, 0.54
3637, 0.47
3638, 0.54
3639, 0.40
3640, 0.47
3641, 0.77
3642, 0.54
3643, 0.96
3644, 0.89
3645, 0.47
3646, 0.96
3647, 0.53
3648, 0.40
3649, 0.54
3650, 0.34
3651, 0.47
3652, 0.54
3653, 1.00
3654, 0.70
3655, 0.89
3656, 0.01
3657, 0.08
3658, 0.77
3659, 0.54
3660, 0.96
3661, 0.77
3662, 0.47
3663, 0.53
3664, 0.40
3665, 0.70
3666, 0.57
3667, 0.54
3668, 0.47
3669, 0.54
3670, 0.23
3671, 0.54
3672, 0.47
3673, 0.47
3674, 0.47
3675, 0.74
3676, 0.16
3677, 0.47
3678, 0.54
3679, 0.74
3680, 0.54
3681, 0.77
3682, 0.16
3683, 0.47
3684, 0.57
3685, 0.74
3686, 0.33
3687, 0.51
3688, 0.53
3689, 0.47
3690, 0.16
3691, 0.16
3692, 0.47
3693, 0.26
3694, 1.00
3695, 0.47
3696, 0.54
3697, 0.54
3698, 0.53
3699, 0.16
3700, 0.96
3701, 0.33
3702, 0.47
3703, 0.26
3704, 0.47
3705, 0.96
3706, 0.54
3707, 0.54
3708, 0.47
3709, 0.47
3710, 0.16
3711, 0.67
3712, 0.26
3713, 0.54
3714, 0.47
3715, 0.47
3716, 0.33
3717, 0.89
3718, 0.08
3719, 0.47
3720, 0.08
3721, 0.89
3722, 0.54
3723, 0.47
3724, 0.74
3725, 0.40
3726, 0.34
3727, 1.00
3728, 0.54
3729, 0.47
3730, 0.47
3731, 0.47
3732, 0.54
3733, 0.47
3734, 0.57
3735, 0.47
3736, 0.54
3737, 0.54
3738, 0.47
3739, 0.54
3740, 0.77
3741, 0.70
3742, 0.47
3743, 0.47
3744, 0.40
3745, 0.89
3746, 0.47
3747, 0.96
3748, 0.40
3749, 0.47
3750, 0.77
3751, 0.33
3752, 0.54
3753, 0.54
3754, 0.96
3755, 0.47
3756, 0.47
3757, 0.40
3758, 0.89
3759, 0.26
3760, 0.16
3761, 0.08
3762, 0.57
3763, 0.57
3764, 0.16
3765, 0.54
3766, 0.47
3767, 0.26
3768, 0.26
3769, 0.96
3770, 0.40
3771, 0.40
3772, 0.53
3773, 0.47
3774, 0.54
3775, 0.54
3776, 0.47
3777, 0.42
3778, 0.51
3779, 0.54
3780, 0.40
3781, 0.74
3782, 0.74
3783, 0.54
3784, 0.26
3785, 0.54
3786, 0.57
3787, 0.54
3788, 0.47
3789, 0.33
3790, 0.47
3791, 0.47
3792, 0.51
3793, 0.54
3794, 0.26
3795, 0.47
3796, 0.54
3797, 0.54
3798, 0.96
3799, 0.46
3800, 0.89
3801, 0.42
3802, 0.47
3803, 0.96
3804, 0.54
3805, 0.26
3806, 0.47
3807, 0.54
3808, 0.54
3809, 0.77
3810, 0.16
3811, 0.40
3812, 0.16
3813, 0.40
3814, 0.54
3815, 0.89
3816, 0.08
3817, 0.16
3818, 0.16
3819, 0.47
3820, 0.47
3821, 0.40
3822, 0.47
3823, 0.54
3824, 0.33
3825, 0.16
3826, 0.26
3827, 0.47
3828, 0.96
3829, 0.26
3830, 0.26
3831, 0.54
3832, 0.16
3833, 0.57
3834, 0.74
3835, 0.08
3836, 1.00
3837, 0.47
3838, 0.08
3839, 0.26
3840, 0.16
3841, 0.08
3842, 0.54
3843, 1.00
3844, 0.16
3845, 0.23
3846, 0.33
3847, 0.67
3848, 0.54
3849, 0.74
3850, 0.74
3851, 0.26
3852, 0.54
3853, 0.47
3854, 0.47
3855, 0.89
3856, 0.53
3857, 1.00
3858, 0.74
3859, 0.54
3860, 0.54
3861, 1.00
3862, 0.16
3863, 0.74
3864, 0.16
3865, 0.47
3866, 0.47
3867, 0.54
3868, 0.16
3869, 0.47
3870, 0.47
3871, 0.33
3872, 0.47
3873, 1.00
3874, 0.47
3875, 0.96
3876, 0.47
3877, 0.47
3878, 0.47
3879, 0.47
3880, 0.54
3881, 0.26
3882, 0.47
3883, 0.26
3884, 0.47
3885, 0.46
3886, 0.16
3887, 0.16
3888, 0.54
3889, 0.47
3890, 0.57
3891, 0.54
3892, 0.16
3893, 0.16
3894, 0.26
3895, 0.53
3896, 0.33
3897, 0.53
3898, 0.54
3899, 0.26
3900, 0.47
3901, 0.54
3902, 0.47
3903, 0.26
3904, 0.96
3905, 0.54
3906, 0.26
3907, 0.54
3908, 0.96
3909, 0.54
3910, 0.47
3911, 0.47
3912, 0.26
3913, 0.47
3914, 0.24
3915, 0.54
3916, 0.16
3917, 0.47
3918, 0.54
3919, 0.47
3920, 0.54
3921, 0.47
3922, 0.54
3923, 0.47
3924, 0.89
3925, 0.46
3926, 0.26
3927, 0.40
3928, 0.96
3929, 0.96
3930, 0.51
3931, 0.47
3932, 0.74
3933, 0.46
3934, 0.33
3935, 0.74
3936, 0.54
3937, 0.16
3938, 0.26
3939, 0.47
3940, 0.57
3941, 0.54
3942, 0.08
3943, 0.26
3944, 0.96
3945, 0.47
3946, 0.26
3947, 0.47
3948, 0.08
3949, 0.89
3950, 0.54
3951, 0.53
3952, 0.96
3953, 0.24
3954, 0.74
3955, 0.02
3956, 0.40
3957, 0.47
3958, 0.47
3959, 0.89
3960, 0.16
3961, 0.67
3962, 0.47
3963, 0.54
3964, 0.57
3965, 0.89
3966, 0.26
3967, 0.40
3968, 0.54
3969, 0.54
3970, 0.54
3971, 0.26
3972, 0.74
3973, 0.40
3974, 0.40
3975, 0.47
3976, 0.54
3977, 0.77
3978, 0.96
3979, 0.40
3980, 0.26
3981, 0.70
3982, 0.47
3983, 0.96
3984, 0.54
3985, 0.74
3986, 0.26
3987, 0.16
3988, 0.89
3989, 0.47
3990, 0.67
3991, 0.47
3992, 0.47
3993, 0.47
3994, 0.70
3995, 0.23
3996, 0.08
3997, 0.54
3998, 0.54
3999, 0.26
4000, 0.54
4001, 0.47
4002, 0.77
4003, 0.96
4004, 0.86
4005, 0.67
4006, 0.16
4007, 0.54
4008, 0.47
4009, 0.77
4010, 0.47
4011, 0.89
4012, 0.47
4013, 0.47
4014, 0.23
4015, 0.53
4016, 0.16
4017, 0.08
4018, 0.40
4019, 0.47
4020, 0.40
4021, 0.40
4022, 0.57
4023, 0.57
4024, 0.70
4025, 0.77
4026, 0.54
4027, 0.54
4028, 0.74
4029, 0.96
4030, 0.47
4031, 0.16
4032, 0.47
4033, 0.47
4034, 0.47
4035, 0.51
4036, 0.53
4037, 0.47
4038, 0.54
4039, 0.89
4040, 0.74
4041, 0.74
4042, 0.47
4043, 0.47
4044, 0.54
4045, 0.51
4046, 0.57
4047, 0.47
4048, 0.47
4049, 0.70
4050, 0.47
4051, 0.47
4052, 0.40
4053, 0.23
4054, 0.53
4055, 0.47
4056, 0.53
4057, 0.74
4058, 0.96
4059, 0.40
4060, 0.54
4061, 0.08
4062, 0.26
4063, 0.23
4064, 0.47
4065, 0.54
4066, 0.89
4067, 0.53
4068, 0.96
4069, 0.74
4070, 0.16
4071, 1.00
4072, 0.47
4073, 0.89
4074, 0.54
4075, 0.67
4076, 0.54
4077, 0.47
4078, 1.00
4079, 0.67
4080, 0.47
4081, 0.54
4082, 0.77
4083, 0.67
4084, 0.54
4085, 0.54
4086, 0.47
4087, 0.96
4088, 0.47
4089, 0.47
4090, 0.89
4091, 1.00
4092, 1.00
4093, 0.74
4094, 0.54
4095, 0.26
4096, 0.54
4097, 0.47
4098, 0.08
4099, 0.26
4100, 0.16
4101, 0.16
4102, 0.54
4103, 0.26
4104, 0.16
4105, 0.26
4106, 0.77
4107, 0.26
4108, 0.96
4109, 0.16
4110, 1.00
4111, 0.89
4112, 1.00
4113, 0.33
4114, 0.47
4115, 0.53
4116, 0.33
4117, 0.54
4118, 0.26
4119, 0.40
4120, 0.54
4121, 0.54
4122, 0.47
4123, 0.16
4124, 0.57
4125, 0.40
4126, 0.46
4127, 0.08
4128, 0.47
4129, 0.57
4130, 0.77
4131, 0.47
4132, 0.54
4133, 0.89
4134, 0.33
4135, 0.47
4136, 0.47
4137, 0.53
4138, 0.74
4139, 0.47
4140, 0.26
4141, 0.89
4142, 0.16
4143, 0.47
4144, 0.08
4145, 0.54
4146, 0.96
4147, 0.47
4148, 0.16
4149, 0.16
4150, 0.47
4151, 0.54
4152, 0.40
4153, 0.47
4154, 0.54
4155, 0.96
4156, 0.47
4157, 0.74
4158, 0.54
4159, 0.33
4160, 0.46
4161, 0.16
4162, 0.16
4163, 0.47
4164, 0.47
4165, 0.96
4166, 0.74
4167, 0.33
4168, 0.47
4169, 0.47
4170, 0.54
4171, 0.33
4172, 0.47
4173, 0.47
4174, 0.16
4175, 0.16
4176, 1.00
4177, 0.96
4178, 0.54
4179, 1.00
4180, 0.57
4181, 0.26
4182, 0.67
4183, 0.47
4184, 0.40
4185, 0.47
4186, 0.47
4187, 0.47
4188, 0.89
4189, 0.33
4190, 0.47
4191, 0.74
4192, 0.54
4193, 0.89
4194, 0.57
4195, 0.40
4196, 0.54
4197, 0.40
4198, 0.33
4199, 0.33
4200, 0.47
4201, 0.16
4202, 0.67
4203, 0.54
4204, 0.40
4205, 0.08
4206, 0.47
4207, 0.34
4208, 0.57
4209, 0.16
4210, 0.47
4211, 0.40
4212, 0.23
4213, 0.96
4214, 0.16
4215, 0.57
4216, 0.96
4217, 0.34
4218, 0.54
4219, 0.96
4220, 0.26
4221, 0.54
4222, 0.47
4223, 0.16
4224, 0.26
4225, 0.47
4226, 0.16
4227, 0.47
4228, 0.54
4229, 0.54
4230, 0.53
4231, 0.54
4232, 0.57
4233, 0.47
4234, 0.47
4235, 0.47
4236, 0.47
4237, 0.74
4238, 0.54
4239, 0.96
4240, 0.47
4241, 0.54
4242, 1.00
4243, 0.47
4244, 0.54
4245, 0.47
4246, 0.16
4247, 0.96
4248, 0.57
4249, 0.53
4250, 0.08
4251, 0.67
4252, 1.00
4253, 0.47
4254, 0.57
4255, 0.53
4256, 0.57
4257, 0.16
4258, 0.47
4259, 0.40
4260, 0.96
4261, 0.96
4262, 0.47
4263, 0.51
4264, 0.26
4265, 0.40
4266, 1.00
4267, 0.40
4268, 1.00
4269, 0.47
4270, 0.54
4271, 0.02
4272, 0.08
4273, 0.54
4274, 0.54
4275, 0.47
4276, 0.53
4277, 0.02
4278, 0.46
4279, 0.47
4280, 0.51
4281, 0.26
4282, 0.89
4283, 0.54
4284, 0.47
4285, 0.96
4286, 0.54
4287, 0.54
4288, 0.54
4289, 0.54
4290, 0.51
4291, 0.47
4292, 0.54
4293, 0.47
4294, 0.54
4295, 0.67
4296, 0.57
4297, 0.54
4298, 0.16
4299, 0.86
4300, 0.46
4301, 0.54
4302, 0.26
4303, 0.77
4304, 0.47
4305, 0.96
4306, 0.74
4307, 0.54
4308, 0.16
4309, 0.26
4310, 0.40
4311, 0.47
4312, 0.33
4313, 0.33
4314, 0.40
4315, 0.54
4316, 0.54
4317, 0.16
4318, 0.46
4319, 0.16
4320, 0.57
4321, 1.00
4322, 0.54
4323, 1.00
4324, 0.40
4325, 0.47
4326, 0.26
4327, 0.47
4328, 0.70
4329, 0.74
4330, 0.33
4331, 0.08
4332, 0.89
4333, 0.96
4334, 0.47
4335, 0.77
4336, 0.54
4337, 0.08
4338, 0.74
4339, 0.96
4340, 1.00
4341, 0.53
4342, 0.54
4343, 0.26
4344, 0.40
4345, 0.54
4346, 0.47
4347, 0.23
4348, 0.23
4349, 0.40
4350, 0.47
4351, 0.47
4352, 0.08
4353, 0.89
4354, 0.26
4355, 0.54
4356, 0.26
4357, 0.54
4358, 0.77
4359, 0.47
4360, 0.77
4361, 0.47
4362, 0.54
4363, 0.96
4364, 0.33
4365, 0.89
4366, 0.26
4367, 1.00
4368, 0.96
4369, 0.54
4370, 0.47
4371, 0.47
4372, 0.54
4373, 0.16
4374, 0.54
4375, 0.26
4376, 0.47
4377, 0.40
4378, 0.16
4379, 0.47
4380, 0.57
4381, 0.54
4382, 0.47
4383, 0.57
4384, 0.40
4385, 0.47
4386, 0.47
4387, 0.74
4388, 1.00
4389, 0.77
4390, 0.16
4391, 0.23
4392, 0.47
4393, 0.16
4394, 0.57
4395, 0.47
4396, 0.53
4397, 0.47
4398, 0.47
4399, 0.40
4400, 1.00
4401, 0.51
4402, 0.40
4403, 0.51
4404, 0.47
4405, 0.47
4406, 0.23
4407, 0.34
4408, 1.00
4409, 0.08
4410, 0.54
4411, 0.57
4412, 0.70
4413, 0.77
4414, 0.23
4415, 0.08
4416, 0.54
4417, 0.53
4418, 0.08
4419, 0.47
4420, 0.47
4421, 0.01
4422, 0.47
4423, 0.47
4424, 1.00
4425, 0.54
4426, 0.33
4427, 0.40
4428, 0.16
4429, 0.57
4430, 0.47
4431, 0.26
4432, 0.74
4433, 0.33
4434, 0.47
4435, 0.67
4436, 0.57
4437, 0.47
4438, 0.54
4439, 0.96
4440, 0.96
4441, 0.47
4442, 0.47
4443, 0.33
4444, 0.08
4445, 0.33
4446, 0.47
4447, 0.89
4448, 0.54
4449, 0.47
4450, 0.47
4451, 0.47
4452, 0.57
4453, 0.54
4454, 0.40
4455, 0.26
4456, 0.26
4457, 0.47
4458, 1.00
4459, 0.54
4460, 0.26
4461, 0.70
4462, 0.16
4463, 0.16
4464, 0.16
4465, 0.47
4466, 0.26
4467, 0.46
4468, 0.47
4469, 0.57
4470, 0.57
4471, 0.16
4472, 0.51
4473, 0.47
4474, 0.23
4475, 0.54
4476, 0.89
4477, 0.26
4478, 1.00
4479, 0.40
4480, 0.54
4481, 0.57
4482, 0.26
4483, 0.70
4484, 0.40
4485, 0.16
4486, 0.54
4487, 0.54
4488, 0.54
4489, 0.33
4490, 0.16
4491, 0.54
4492, 0.47
4493, 0.54
4494, 0.47
4495, 1.00
4496, 0.53
4497, 0.33
4498, 0.96
4499, 0.16
4500, 0.16
4501, 0.89
4502, 0.96
4503, 0.47
4504, 0.74
4505, 0.74
4506, 0.26
4507, 0.53
4508, 0.47
4509, 0.47
4510, 0.54
4511, 0.47
4512, 0.74
4513, 0.40
4514, 0.89
4515, 0.47
4516, 0.54
4517, 0.74
4518, 0.70
4519, 0.47
4520, 0.47
4521, 0.16
4522, 0.47
4523, 0.96
4524, 0.40
4525, 0.16
4526, 0.01
4527, 0.96
4528, 0.54
4529, 0.54
4530, 0.26
4531, 0.47
4532, 0.54
4533, 0.47
4534, 0.96
4535, 0.53
4536, 0.40
4537, 0.96
4538, 0.33
4539, 0.02
4540, 0.47
4541, 0.54
4542, 0.16
4543, 0.77
4544, 0.33
4545, 0.96
4546, 0.47
4547, 0.47
4548, 0.67
4549, 0.47
4550, 0.54
4551, 0.26
4552, 0.26
4553, 0.89
4554, 0.54
4555, 0.47
4556, 0.54
4557, 0.47
4558, 0.53
4559, 0.47
4560, 0.51
4561, 0.54
4562, 0.53
4563, 0.96
4564, 0.89
4565, 0.70
4566, 0.40
4567, 0.54
4568, 0.77
4569, 0.57
4570, 0.16
4571, 0.47
4572, 0.54
4573, 0.54
4574, 0.33
4575, 0.89
4576, 0.89
4577, 0.47
4578, 0.51
4579, 0.47
4580, 0.01
4581, 0.89
4582, 0.89
4583, 0.54
4584, 0.47
4585, 0.96
4586, 0.51
4587, 0.96
4588, 0.57
4589, 0.54
4590, 0.16
4591, 0.33
4592, 0.74
4593, 0.26
4594, 0.40
4595, 0.89
4596, 0.47
4597, 0.33
4598, 0.54
4599, 0.33
4600, 0.47
4601, 0.02
4602, 0.40
4603, 0.54
4604, 0.40
4605, 0.47
4606, 0.26
4607, 0.02
4608, 0.47
4609, 0.33
4610, 0.08
4611, 0.54
4612, 0.54
4613, 0.16
4614, 0.54
4615, 0.08
4616, 0.40
4617, 0.57
4618, 1.00
4619, 0.16
4620, 0.53
4621, 0.54
4622, 1.00
4623, 0.89
4624, 0.47
4625, 0.54
4626, 0.89
4627, 0.16
4628, 0.34
4629, 0.89
4630, 0.54
4631, 0.26
4632, 0.47
4633, 0.47
4634, 0.54
4635, 0.47
4636, 1.00
4637, 0.74
4638, 0.54
4639, 0.96
4640, 0.96
4641, 0.47
4642, 0.08
4643, 0.57
4644, 0.47
4645, 0.16
4646, 0.47
4647, 0.33
4648, 0.57
4649, 0.77
4650, 0.16
4651, 0.54
4652, 0.46
4653, 0.47
4654, 0.57
4655, 0.26
4656, 0.96
4657, 0.26
4658, 0.33
4659, 0.16
4660, 0.47
4661, 0.54
4662, 0.74
4663, 0.16
4664, 1.00
4665, 0.47
4666, 0.54
4667, 0.89
4668, 0.26
4669, 0.57
4670, 0.40
4671, 0.40
4672, 0.89
4673, 0.16
4674, 0.96
4675, 0.47
4676, 0.16
4677, 0.54
4678, 0.16
4679, 0.16
4680, 0.47
4681, 0.57
4682, 1.00
4683, 0.89
4684, 0.89
4685, 0.57
4686, 0.08
4687, 0.26
4688, 0.08
4689, 0.54
4690, 0.89
4691, 0.47
4692, 0.54
4693, 0.74
4694, 0.26
4695, 0.47
4696, 0.08
4697, 0.47
4698, 0.16
4699, 0.54
4700, 0.74
4701, 0.89
4702, 0.47
4703, 0.54
4704, 0.16
4705, 0.47
4706, 0.47
4707, 0.74
4708, 0.96
4709, 0.57
4710, 0.47
4711, 0.40
4712, 0.08
4713, 0.54
4714, 0.26
4715, 0.26
4716, 0.57
4717, 0.54
4718, 0.96
4719, 0.89
4720, 0.40
4721, 0.67
4722, 0.47
4723, 0.54
4724, 0.40
4725, 0.16
4726, 0.47
4727, 0.47
4728, 0.54
4729, 0.47
4730, 0.54
4731, 0.47
4732, 0.47
4733, 0.47
4734, 0.54
4735, 0.47
4736, 0.47
4737, 0.47
4738, 0.57
4739, 0.54
4740, 0.26
4741, 0.47
4742, 0.47
4743, 0.57
4744, 0.74
4745, 0.47
4746, 0.57
4747, 0.74
4748, 0.47
4749, 1.00
4750, 0.47
4751, 0.54
4752, 0.47
4753, 0.46
4754, 0.57
4755, 0.89
4756, 0.26
4757, 0.54
4758, 0.57
4759, 0.47
4760, 0.53
4761, 0.47
4762, 0.96
4763, 0.16
4764, 0.02
4765, 0.47
4766, 0.23
4767, 0.40
4768, 0.54
4769, 0.53
4770, 0.47
4771, 0.96
4772, 0.46
4773, 0.54
4774, 0.54
4775, 0.47
4776, 0.54
4777, 0.26
4778, 0.77
4779, 0.47
4780, 0.47
4781, 0.96
4782, 0.47
4783, 1.00
4784, 0.57
4785, 0.96
4786, 0.89
4787, 0.96
4788, 0.26
4789, 0.54
4790, 0.54
4791, 0.54
4792, 0.47
4793, 0.47
4794, 0.08
4795, 0.96
4796, 0.96
4797, 0.54
4798, 0.47
4799, 0.40
4800, 0.26
4801, 0.54
4802, 0.16
4803, 0.47
4804, 0.47
4805, 0.47
4806, 0.47
4807, 0.46
4808, 0.47
4809, 0.47
4810, 0.77
4811, 0.33
4812, 0.51
4813, 0.47
4814, 0.16
4815, 0.33
4816, 0.33
4817, 0.70
4818, 0.47
4819, 0.47
4820, 0.96
4821, 0.26
4822, 0.16
4823, 0.23
4824, 0.54
4825, 0.16
4826, 0.54
4827, 0.47
4828, 0.26
4829, 1.00
4830, 0.54
4831, 0.51
4832, 0.34
4833, 0.89
4834, 0.26
4835, 0.47
4836, 1.00
4837, 0.08
4838, 0.40
4839, 0.16
4840, 0.47
4841, 0.54
4842, 0.16
4843, 0.54
4844, 0.54
4845, 0.53
4846, 0.89
4847, 0.47
4848, 0.96
4849, 0.33
4850, 0.57
4851, 0.08
4852, 0.74
4853, 0.40
4854, 0.16
4855, 0.40
4856, 0.08
4857, 0.54
4858, 0.47
4859, 0.26
4860, 0.74
4861, 0.16
4862, 0.54
4863, 0.47
4864, 0.57
4865, 0.16
4866, 0.89
4867, 0.54
4868, 0.01
4869, 0.47
4870, 0.54
4871, 0.96
4872, 0.54
4873, 0.74
4874, 0.40
4875, 0.40
4876, 0.67
4877, 0.96
4878, 0.47
4879, 0.47
4880, 0.57
4881, 0.47
4882, 1.00
4883, 0.96
4884, 0.26
4885, 0.47
4886, 0.77
4887, 0.54
4888, 0.26
4889, 0.54
4890, 0.47
4891, 0.53
4892, 0.16
4893, 0.16
4894, 0.16
4895, 0.40
4896, 0.46
4897, 0.54
4898, 0.42
4899, 0.51
4900, 0.77
4901, 0.26
4902, 0.67
4903, 0.26
4904, 0.47
4905, 0.47
4906, 1.00
4907, 0.77
4908, 0.16
4909, 0.54
4910, 0.47
4911, 0.54
4912, 0.96
4913, 0.26
4914, 0.40
4915, 1.00
4916, 0.96
4917, 0.47
4918, 0.47
4919, 0.47
4920, 0.47
4921, 0.40
4922, 0.16
4923, 0.96
4924, 0.47
4925, 0.47
4926, 0.26
4927, 0.57
4928, 0.57
4929, 1.00
4930, 1.00
4931, 0.47
4932, 0.33
4933, 0.24
4934, 0.40
4935, 0.33
4936, 0.47
4937, 0.74
4938, 0.47
4939, 0.57
4940, 0.77
4941, 0.53
4942, 0.40
4943, 0.47
4944, 0.96
4945, 0.33
4946, 0.57
4947, 0.67
4948, 0.16
4949, 0.47
4950, 0.54
4951, 0.47
4952, 0.54
4953, 0.47
4954, 0.16
4955, 0.54
4956, 0.57
4957, 0.47
4958, 0.40
4959, 0.54
4960, 0.40
4961, 0.96
4962, 0.40
4963, 0.47
4964, 0.70
4965, 0.74
4966, 0.47
4967, 0.47
4968, 0.54
4969, 0.89
4970, 0.26
4971, 0.54
4972, 0.33
4973, 0.26
4974, 0.40
4975, 0.70
4976, 0.40
4977, 0.47
4978, 0.26
4979, 0.47
4980, 0.54
4981, 0.26
4982, 0.47
4983, 0.74
4984, 0.54
4985, 0.47
4986, 0.70
4987, 0.54
4988, 1.00
4989, 0.47
4990, 0.16
4991, 0.57
4992, 0.16
4993, 0.74
4994, 0.40
4995, 0.47
4996, 0.26
4997, 0.08
4998, 0.47
4999, 0.47
5000, 0.96
5001, 0.16
5002, 0.47
5003, 0.67
5004, 0.34
5005, 0.40
5006, 0.86
5007, 0.26
5008, 0.26
5009, 0.26
5010, 0.54
5011, 0.16
5012, 0.47
5013, 0.47
5014, 0.89
5015, 0.46
5016, 0.47
5017, 0.54
5018, 0.89
5019, 0.54
5020, 0.57
5021, 0.08
5022, 0.57
5023, 0.89
5024, 0.24
5025, 0.54
5026, 0.54
5027, 0.57
5028, 0.26
5029, 0.42
5030, 0.26
5031, 0.47
5032, 0.54
5033, 0.74
5034, 0.16
5035, 0.47
5036, 0.40
5037, 0.47
5038, 0.54
5039, 0.26
5040, 0.54
5041, 0.47
5042, 0.96
5043, 0.16
5044, 0.54
5045, 0.47
5046, 0.57
5047, 0.67
5048, 0.54
5049, 0.47
5050, 0.47
5051, 0.26
5052, 0.54
5053, 0.96
5054, 0.47
5055, 0.54
5056, 0.46
5057, 0.16
5058, 0.26
5059, 0.96
5060, 1.00
5061, 0.51
5062, 0.54
5063, 0.47
5064, 0.40
5065, 0.16
5066, 0.46
5067, 0.54
5068, 0.74
5069, 0.47
5070, 0.54
5071, 0.54
5072, 0.47
5073, 0.57
5074, 0.26
5075, 0.47
5076, 0.47
5077, 0.54
5078, 1.00
5079, 0.96
5080, 0.54
5081, 0.46
5082, 0.47
5083, 0.74
5084, 0.47
5085, 0.96
5086, 0.47
5087, 0.47
5088, 0.74
5089, 1.00
5090, 0.74
5091, 0.47
5092, 0.54
5093, 0.26
5094, 0.08
5095, 0.47
5096, 0.33
5097, 0.47
5098, 0.47
5099, 0.47
5100, 0.74
5101, 0.54
5102, 0.16
5103, 0.47
5104, 0.33
5105, 0.40
5106, 0.47
5107, 0.54
5108, 0.47
5109, 0.96
5110, 0.16
5111, 0.47
5112, 0.26
5113, 0.16
5114, 0.26
5115, 0.47
5116, 0.47
5117, 1.00
5118, 0.53
5119, 0.54
5120, 0.74
5121, 0.67
5122, 0.33
5123, 0.40
5124, 0.47
5125, 0.89
5126, 0.47
5127, 0.02
5128, 0.33
5129, 0.54
5130, 0.54
5131, 0.08
5132, 0.26
5133, 0.47
5134, 0.70
5135, 0.53
5136, 0.26
5137, 0.57
5138, 0.54
5139, 0.26
5140, 0.96
5141, 0.33
5142, 0.96
5143, 0.47
5144, 0.57
5145, 0.74
5146, 0.57
5147, 0.47
5148, 0.54
5149, 0.47
5150, 0.54
5151, 0.40
5152, 0.16
5153, 0.54
5154, 0.08
5155, 0.54
5156, 0.08
5157, 0.57
5158, 0.47
5159, 0.74
5160, 0.23
5161, 0.53
5162, 0.77
5163, 0.26
5164, 0.67
5165, 0.47
5166, 0.47
5167, 0.26
5168, 0.54
5169, 0.47
5170, 0.57
5171, 0.57
5172, 0.26
5173, 0.47
5174, 0.54
5175, 0.16
5176, 0.96
5177, 0.54
5178, 0.47
5179, 0.40
5180, 0.74
5181, 0.89
5182, 0.23
5183, 0.26
5184, 0.96
5185, 1.00
5186, 0.46
5187, 0.26
5188, 0.16
5189, 0.47
5190, 0.54
5191, 0.47
5192, 0.40
5193, 0.26
5194, 0.54
5195, 0.96
5196, 0.54
5197, 0.16
5198, 0.54
5199, 0.53
5200, 1.00
5201, 0.26
5202, 0.70
5203, 0.47
5204, 0.08
5205, 0.70
5206, 0.54
5207, 1.00
5208, 0.40
5209, 0.54
5210, 0.54
5211, 0.40
5212, 0.47
5213, 0.89
5214, 0.26
5215, 0.47
5216, 0.16
5217, 0.40
5218, 0.23
5219, 0.33
5220, 0.47
5221, 0.16
5222, 0.16
5223, 0.47
5224, 0.33
5225, 0.70
5226, 0.47
5227, 0.16
5228, 0.47
5229, 0.16
5230, 0.46
5231, 0.53
5232, 0.74
5233, 0.74
5234, 0.16
5235, 0.57
5236, 0.40
5237, 0.40
5238, 0.23
5239, 0.54
5240, 0.54
5241, 0.89
5242, 0.16
5243, 0.54
5244, 0.96
5245, 0.16
5246, 0.96
5247, 0.57
5248, 0.47
5249, 0.54
5250, 0.47
5251, 0.40
5252, 0.47
5253, 0.02
5254, 0.16
5255, 0.26
5256, 0.54
5257, 0.16
5258, 0.47
5259, 0.54
5260, 0.54
5261, 0.96
5262, 0.54
5263, 0.74
5264, 0.47
5265, 0.26
5266, 0.40
5267, 1.00
5268, 0.16
5269, 0.54
5270, 0.57
5271, 0.47
5272, 1.00
5273, 0.53
5274, 0.47
5275, 0.70
5276, 0.47
5277, 0.54
5278, 0.47
5279, 0.57
5280, 0.47
5281, 1.00
5282, 0.40
5283, 0.89
5284, 0.57
5285, 0.40
5286, 0.16
5287, 0.54
5288, 0.57
5289, 0.74
5290, 0.47
5291, 1.00
5292, 0.40
5293, 0.51
5294, 0.08
5295, 0.08
5296, 0.08
5297, 0.54
5298, 0.47
5299, 1.00
5300, 0.70
5301, 0.47
5302, 0.42
5303, 0.57
5304, 0.54
5305, 0.47
5306, 0.47
5307, 0.26
5308, 0.89
5309, 0.77
5310, 0.40
5311, 0.26
5312, 0.47
5313, 0.40
5314, 0.57
5315, 0.89
5316, 0.47
5317, 0.08
5318, 0.40
5319, 0.89
5320, 0.89
5321, 0.47
5322, 0.54
5323, 0.47
5324, 0.40
5325, 0.40
5326, 0.47
5327, 0.74
5328, 0.54
5329, 0.16
5330, 0.47
5331, 0.47
5332, 0.08
5333, 0.40
5334, 0.53
5335, 0.47
5336, 0.54
5337, 0.54
5338, 0.47
5339, 0.02
5340, 0.08
5341, 0.54
5342, 0.54
5343, 0.47
5344, 0.53
5345, 0.54
5346, 0.33
5347, 0.54
5348, 0.77
5349, 0.47
5350, 0.70
5351, 0.57
5352, 0.74
5353, 0.47
5354, 0.46
5355, 0.89
5356, 1.00
5357, 0.54
5358, 0.54
5359, 0.26
5360, 0.23
5361, 0.57
5362, 0.54
5363, 0.47
5364, 0.47
5365, 0.67
5366, 0.53
5367, 1.00
5368, 0.47
5369, 0.54
5370, 0.96
5371, 0.47
5372, 0.16
5373, 0.47
5374, 0.46
5375, 0.57
5376, 0.08
5377, 0.74
5378, 0.57
5379, 0.26
5380, 0.53
5381, 0.08
5382, 0.54
5383, 0.40
5384, 0.47
5385, 0.26
5386, 0.47
5387, 0.47
5388, 0.16
5389, 0.47
5390, 0.26
5391, 0.54
5392, 0.33
5393, 0.89
5394, 0.67
5395, 0.47
5396, 0.96
5397, 0.47
5398, 0.54
5399, 0.26
5400, 0.47
5401, 0.08
5402, 0.47
5403, 0.26
5404, 0.26
5405, 0.16
5406, 0.57
5407, 0.08
5408, 0.33
5409, 0.47
5410, 0.26
5411, 0.34
5412, 0.89
5413, 0.33
5414, 0.89
5415, 0.67
5416, 0.54
5417, 0.42
5418, 0.08
5419, 1.00
5420, 0.46
5421, 0.47
5422, 0.47
5423, 0.57
5424, 0.08
5425, 0.54
5426, 0.54
5427, 0.33
5428, 0.47
5429, 0.53
5430, 0.26
5431, 0.54
5432, 0.57
5433, 0.47
5434, 0.96
5435, 0.47
5436, 0.54
5437, 0.54
5438, 0.70
5439, 0.74
5440, 0.34
5441, 0.89
5442, 0.57
5443, 0.47
5444, 0.47
5445, 0.47
5446, 1.00
5447, 0.74
5448, 0.54
5449, 0.54
5450, 0.16
5451, 0.57
5452, 0.47
5453, 0.89
5454, 0.54
5455, 1.00
5456, 0.54
5457, 0.89
5458, 0.74
5459, 0.89
5460, 0.47
5461, 0.47
5462, 0.26
5463, 0.67
5464, 0.54
5465, 0.53
5466, 0.47
5467, 0.26
5468, 0.40
5469, 0.26
5470, 0.47
5471, 0.47
5472, 0.57
5473, 0.53
5474, 0.40
5475, 0.33
5476, 0.33
5477, 0.54
5478, 0.40
5479, 0.96
5480, 0.26
5481, 0.53
5482, 0.51
5483, 0.47
5484, 0.47
5485, 0.16
5486, 0.74
5487, 0.96
5488, 0.16
5489, 0.47
5490, 0.96
5491, 0.47
5492, 0.96
5493, 0.47
5494, 0.74
5495, 0.74
5496, 1.00
5497, 0.33
5498, 0.47
5499, 0.47
5500, 0.96
5501, 0.47
5502, 0.47
5503, 0.57
5504, 0.47
5505, 0.67
5506, 0.67
5507, 0.57
5508, 0.47
5509, 0.33
5510, 0.74
5511, 0.47
5512, 0.47
5513, 0.54
5514, 0.89
5515, 0.47
5516, 0.54
5517, 0.77
5518, 0.08
5519, 0.57
5520, 0.89
5521, 0.24
5522, 0.26
5523, 0.74
5524, 0.96
5525, 0.47
5526, 0.54
5527, 0.47
5528, 0.08
5529, 0.54
5530, 0.08
5531, 0.42
5532, 0.47
5533, 0.54
5534, 0.40
5535, 0.47
5536, 0.54
5537, 0.74
5538, 0.96
5539, 0.57
5540, 0.16
5541, 0.08
5542, 0.96
5543, 0.57
5544, 1.00
5545, 0.08
5546, 0.54
5547, 0.26
5548, 0.47
5549, 0.26
5550, 0.08
5551, 0.47
5552, 0.54
5553, 0.26
5554, 0.89
5555, 0.74
5556, 0.47
5557, 0.26
5558, 0.53
5559, 0.47
5560, 0.54
5561, 0.34
5562, 0.54
5563, 0.54
5564, 0.54
5565, 0.26
5566, 0.08
5567, 0.08
5568, 0.33
5569, 0.47
5570, 0.51
5571, 0.57
5572, 1.00
5573, 1.00
5574, 0.70
5575, 0.70
5576, 0.57
5577, 0.34
5578, 0.74
5579, 0.16
5580, 0.40
5581, 0.54
5582, 0.54
5583, 0.74
5584, 0.40
5585, 0.54
5586, 0.54
5587, 0.08
5588, 0.57
5589, 0.77
5590, 0.54
5591, 0.54
5592, 0.47
5593, 0.26
5594, 0.96
5595, 0.54
5596, 0.33
5597, 0.47
5598, 0.54
5599, 0.96
5600, 0.54
5601, 0.33
5602, 0.54
5603, 0.47
5604, 0.51
5605, 0.89
5606, 0.08
5607, 0.47
5608, 0.02
5609, 0.40
5610, 0.26
5611, 0.74
5612, 0.57
5613, 0.08
5614, 0.54
5615, 0.08
5616, 0.16
5617, 0.23
5618, 0.53
5619, 0.54
5620, 0.47
5621, 1.00
5622, 0.16
5623, 0.40
5624, 0.47
5625, 0.47
5626, 0.26
5627, 0.47
5628, 0.47
5629, 0.34
5630, 0.47
5631, 0.40
5632, 0.53
5633, 0.96
5634, 0.40
5635, 0.96
5636, 0.01
5637, 0.16
5638, 0.33
5639, 0.47
5640, 0.47
5641, 0.26
5642, 0.54
5643, 0.54
5644, 0.96
5645, 0.02
5646, 0.23
5647, 0.16
5648, 0.23
5649, 0.47
5650, 0.54
5651, 0.26
5652, 0.47
5653, 0.08
5654, 0.08
5655, 0.54
5656, 0.33
5657, 0.51
5658, 0.96
5659, 0.47
5660, 0.89
5661, 0.16
5662, 0.96
5663, 0.47
5664, 0.47
5665, 0.26
5666, 0.54
5667, 0.74
5668, 0.40
5669, 0.53
5670, 0.47
5671, 0.40
5672, 0.74
5673, 0.16
5674, 0.47
5675, 0.96
5676, 0.47
5677, 0.47
5678, 0.47
5679, 0.54
5680, 0.16
5681, 0.16
5682, 0.47
5683, 0.47
5684, 0.96
5685, 0.53
5686, 0.47
5687, 0.96
5688, 0.89
5689, 0.47
5690, 0.16
5691, 0.47
5692, 0.70
5693, 0.47
5694, 0.47
5695, 0.16
5696, 0.08
5697, 0.40
5698, 0.47
5699, 0.26
5700, 0.01
5701, 1.00
5702, 0.26
5703, 0.96
5704, 0.89
5705, 0.96
5706, 0.57
5707, 0.08
5708, 0.26
5709, 0.57
5710, 1.00
5711, 0.26
5712, 0.24
5713, 0.33
5714, 0.54
5715, 0.77
5716, 0.57
5717, 0.46
5718, 0.47
5719, 0.08
5720, 0.67
5721, 0.47
5722, 0.26
5723, 0.70
5724, 0.26
5725, 0.47
5726, 0.47
5727, 0.16
5728, 0.47
5729, 0.26
5730, 0.57
5731, 0.47
5732, 0.26
5733, 0.96
5734, 0.67
5735, 0.47
5736, 0.96
5737, 0.40
5738, 0.54
5739, 0.89
5740, 0.16
5741, 0.54
5742, 0.51
5743, 0.54
5744, 0.16
5745, 0.57
5746, 0.74
5747, 0.74
5748, 0.23
5749, 0.89
5750, 0.47
5751, 0.89
5752, 0.54
5753, 0.51
5754, 0.53
5755, 0.54
5756, 0.89
5757, 0.53
5758, 0.54
5759, 0.47
5760, 0.16
5761, 0.40
5762, 0.54
5763, 0.33
5764, 0.34
5765, 0.77
5766, 0.26
5767, 0.51
5768, 0.34
5769, 1.00
5770, 0.74
5771, 0.23
5772, 0.54
5773, 0.54
5774, 0.67
5775, 0.26
5776, 0.24
5777, 0.54
5778, 0.16
5779, 0.54
5780, 0.54
5781, 0.47
5782, 0.24
5783, 0.40
5784, 0.40
5785, 0.47
5786, 0.89
5787, 0.54
5788, 0.74
5789, 0.16
5790, 0.89
5791, 0.16
5792, 0.26
5793, 0.54
5794, 0.16
5795, 0.26
5796, 0.16
5797, 0.47
5798, 0.67
5799, 0.47
5800, 0.08
5801, 0.08
5802, 0.54
5803, 0.16
5804, 0.57
5805, 0.96
5806, 0.47
5807, 0.54
5808, 0.16
5809, 0.47
5810, 0.74
5811, 0.40
5812, 0.26
5813, 0.54
5814, 0.54
5815, 0.08
5816, 0.47
5817, 0.26
5818, 0.96
5819, 0.74
5820, 0.54
5821, 0.74
5822, 0.57
5823, 0.47
5824, 0.74
5825, 0.54
5826, 0.89
5827, 0.67
5828, 0.26
5829, 0.53
5830, 0.47
5831, 0.47
5832, 0.74
5833, 0.57
5834, 0.47
5835, 0.16
5836, 0.08
5837, 0.57
5838, 0.54
5839, 0.57
5840, 0.01
5841, 0.47
5842, 0.54
5843, 0.96
5844, 0.24
5845, 1.00
5846, 0.77
5847, 0.26
5848, 0.53
5849, 0.47
5850, 0.47
5851, 0.33
5852, 0.47
5853, 0.54
5854, 0.02
5855, 0.54
5856, 0.54
5857, 0.57
5858, 0.47
5859, 0.40
5860, 0.47
5861, 0.16
5862, 0.33
5863, 0.53
5864, 0.96
5865, 0.54
5866, 0.67
5867, 1.00
5868, 0.47
5869, 0.47
5870, 0.16
5871, 0.54
5872, 0.57
5873, 0.89
5874, 0.54
5875, 0.26
5876, 0.16
5877, 0.89
5878, 0.57
5879, 0.54
5880, 0.54
5881, 0.23
5882, 0.16
5883, 0.96
5884, 0.89
5885, 0.47
5886, 0.26
5887, 0.47
5888, 0.42
5889, 0.46
5890, 0.77
5891, 0.26
5892, 0.40
5893, 0.54
5894, 0.47
5895, 0.54
5896, 0.74
5897, 0.57
5898, 0.54
5899, 0.26
5900, 0.40
5901, 0.26
5902, 0.54
5903, 0.54
5904, 0.16
5905, 0.57
5906, 0.47
5907, 0.47
5908, 0.40
5909, 0.51
5910, 1.00
5911, 0.16
5912, 0.54
5913, 0.96
5914, 0.26
5915, 0.16
5916, 0.40
5917, 0.70
5918, 0.26
5919, 0.74
5920, 0.54
5921, 0.54
5922, 0.47
5923, 0.89
5924, 0.16
5925, 0.47
5926, 0.54
5927, 0.16
5928, 0.57
5929, 0.47
5930, 0.47
5931, 0.47
5932, 0.57
5933, 0.96
5934, 0.47
5935, 0.16
5936, 0.16
5937, 0.54
5938, 0.54
5939, 0.23
5940, 0.08
5941, 1.00
5942, 0.26
5943, 0.26
5944, 1.00
5945, 1.00
5946, 0.47
5947, 0.47
5948, 0.40
5949, 0.57
5950, 0.16
5951, 0.47
5952, 0.40
5953, 0.08
5954, 0.47
5955, 0.47
5956, 0.47
5957, 0.16
5958, 0.46
5959, 0.26
5960, 0.47
5961, 0.57
5962, 0.47
5963, 0.57
5964, 0.57
5965, 0.54
5966, 0.57
5967, 0.47
5968, 0.24
5969, 0.42
5970, 0.54
5971, 0.47
5972, 0.89
5973, 0.51
5974, 0.47
5975, 0.47
5976, 0.08
5977, 0.08
5978, 0.40
5979, 0.51
5980, 0.54
5981, 0.47
5982, 0.54
5983, 0.53
5984, 0.26
5985, 0.54
5986, 0.54
5987, 0.47
5988, 0.89
5989, 0.54
5990, 0.96
5991, 0.96
5992, 0.74
5993, 0.40
5994, 0.47
5995, 0.96
5996, 0.47
5997, 0.47
5998, 0.53
5999, 0.54
6000, 0.96
6001, 0.47
6002, 0.96
6003, 0.57
6004, 0.33
6005, 0.24
6006, 0.08
6007, 0.54
6008, 0.54
6009, 0.54
6010, 0.53
6011, 0.47
6012, 0.47
6013, 0.47
6014, 0.47
6015, 0.47
6016, 0.70
6017, 0.47
6018, 0.54
6019, 0.47
6020, 0.47
6021, 0.23
6022, 0.16
6023, 0.54
6024, 0.47
6025, 0.54
6026, 0.26
6027, 1.00
6028, 0.54
6029, 0.33
6030, 0.74
6031, 0.47
6032, 1.00
6033, 0.33
6034, 0.33
6035, 0.24
6036, 0.96
6037, 0.47
6038, 0.53
6039, 0.47
6040, 0.47
6041, 0.08
6042, 0.40
6043, 0.54
6044, 0.54
6045, 0.08
6046, 0.74
6047, 1.00
6048, 0.57
6049, 0.26
6050, 0.96
6051, 0.47
6052, 0.54
6053, 0.74
6054, 0.47
6055, 0.53
6056, 0.57
6057, 0.54
6058, 0.89
6059, 0.54
6060, 0.74
6061, 0.54
6062, 0.47
6063, 0.40
6064, 0.54
6065, 0.47
6066, 0.47
6067, 0.47
6068, 0.53
6069, 0.47
6070, 0.47
6071, 0.96
6072, 0.26
6073, 0.89
6074, 0.53
6075, 0.51
6076, 0.26
6077, 0.54
6078, 0.54
6079, 0.16
6080, 0.47
6081, 0.40
6082, 0.53
6083, 0.74
6084, 0.47
6085, 0.51
6086, 0.47
6087, 0.47
6088, 0.54
6089, 0.47
6090, 0.54
6091, 0.74
6092, 0.16
6093, 0.74
6094, 0.47
6095, 0.08
6096, 0.47
6097, 0.47
6098, 0.23
6099, 0.47
6100, 0.74
6101, 0.40
6102, 0.33
6103, 0.96
6104, 0.16
6105, 0.26
6106, 0.77
6107, 0.47
6108, 0.40
6109, 0.47
6110, 0.70
6111, 0.40
6112, 0.02
6113, 0.47
6114, 0.67
6115, 0.57
6116, 0.33
6117, 0.53
6118, 0.40
6119, 0.54
6120, 0.34
6121, 0.96
6122, 0.08
6123, 0.02
6124, 0.40
6125, 0.74
6126, 0.47
6127, 0.47
6128, 0.54
6129, 0.33
6130, 0.26
6131, 0.96
6132, 0.47
6133, 0.54
6134, 0.47
6135, 0.47
6136, 0.47
6137, 0.40
6138, 0.47
6139, 0.89
6140, 0.53
6141, 0.89
6142, 1.00
6143, 0.47
6144, 0.40
6145, 0.47
6146, 0.86
6147, 0.40
6148, 0.54
6149, 0.40
6150, 0.57
6151, 0.54
6152, 0.47
6153, 0.74
6154, 0.96
6155, 0.08
6156, 0.01
6157, 0.74
6158, 0.54
6159, 0.16
6160, 0.40
6161, 0.16
6162, 0.67
6163, 0.47
6164, 0.47
6165, 0.54
6166, 0.54
6167, 0.47
6168, 0.54
6169, 0.40
6170, 0.54
6171, 1.00
6172, 0.54
6173, 0.74
6174, 0.26
6175, 0.74
6176, 0.54
6177, 0.47
6178, 0.16
6179, 0.57
6180, 0.54
6181, 0.16
6182, 0.96
6183, 0.47
6184, 0.47
6185, 0.54
6186, 0.54
6187, 0.54
6188, 0.47
6189, 0.96
6190, 0.53
6191, 0.47
6192, 0.47
6193, 0.89
6194, 0.16
6195, 0.47
6196, 0.67
6197, 0.96
6198, 0.46
6199, 0.54
6200, 0.57
6201, 0.57
6202, 0.26
6203, 0.16
6204, 1.00
6205, 0.26
6206, 0.89
6207, 0.47
6208, 0.33
6209, 0.16
6210, 0.40
6211, 0.40
6212, 0.47
6213, 0.08
6214, 0.77
6215, 0.47
6216, 0.47
6217, 0.47
6218, 0.08
6219, 1.00
6220, 0.47
6221, 0.26
6222, 0.33
6223, 0.96
6224, 0.53
6225, 0.47
6226, 0.74
6227, 0.54
6228, 0.47
6229, 0.96
6230, 0.96
6231, 0.47
6232, 0.16
6233, 0.57
6234, 1.00
6235, 0.47
6236, 0.47
6237, 0.54
6238, 0.54
6239, 0.54
6240, 0.47
6241, 0.47
6242, 0.54
6243, 0.57
6244, 0.74
6245, 0.47
6246, 0.74
6247, 0.26
6248, 0.47
6249, 0.40
6250, 0.96
6251, 0.54
6252, 0.33
6253, 0.47
6254, 0.46
6255, 0.54
6256, 0.47
6257, 0.47
6258, 0.47
6259, 0.47
6260, 0.47
6261, 0.53
6262, 0.47
6263, 0.54
6264, 0.16
6265, 0.08
6266, 0.96
6267, 0.70
6268, 0.57
6269, 0.47
6270, 0.47
6271, 0.70
6272, 0.26
6273, 0.16
6274, 0.26
6275, 0.40
6276, 0.54
6277, 0.77
6278, 0.26
6279, 0.47
6280, 0.96
6281, 0.16
6282, 0.57
6283, 0.08
6284, 0.47
6285, 0.47
6286, 0.47
6287, 0.54
6288, 0.70
6289, 0.26
6290, 0.96
6291, 0.47
6292, 0.40
6293, 0.47
6294, 0.70
6295, 0.57
6296, 0.89
6297, 0.47
6298, 0.16
6299, 0.89
6300, 0.47
6301, 0.47
6302, 0.26
6303, 0.16
6304, 1.00
6305, 0.67
6306, 0.57
6307, 0.54
6308, 0.26
6309, 0.47
6310, 0.47
6311, 0.16
6312, 0.08
6313, 0.54
6314, 0.26
6315, 0.47
6316, 0.89
6317, 0.54
6318, 0.47
6319, 0.51
6320, 0.57
6321, 0.47
6322, 0.54
6323, 0.57
6324, 0.96
6325, 0.26
6326, 0.08
6327, 0.47
6328, 0.08
6329, 0.40
6330, 0.77
6331, 0.47
6332, 0.54
6333, 0.47
6334, 0.77
6335, 0.57
6336, 0.67
6337, 0.54
6338, 0.47
6339, 0.57
6340, 0.16
6341, 0.54
6342, 0.24
6343, 0.47
6344, 0.96
6345, 0.26
6346, 1.00
6347, 0.54
6348, 1.00
6349, 0.47
6350, 0.26
6351, 0.54
6352, 1.00
6353, 0.47
6354, 0.54
6355, 0.53
6356, 0.16
6357, 0.89
6358, 0.47
6359, 0.74
6360, 0.89
6361, 0.08
6362, 0.77
6363, 0.96
6364, 0.47
6365, 0.53
6366, 0.16
6367, 0.26
6368, 0.16
6369, 0.96
6370, 0.33
6371, 0.57
6372, 0.08
6373, 0.54
6374, 0.47
6375, 0.16
6376, 0.89
6377, 0.54
6378, 1.00
6379, 0.54
6380, 0.40
6381, 0.54
6382, 0.47
6383, 0.54
6384, 0.40
6385, 0.47
6386, 0.33
6387, 0.40
6388, 0.51
6389, 0.47
6390, 0.74
6391, 0.47
6392, 0.47
6393, 0.67
6394, 0.74
6395, 0.70
6396, 0.89
6397, 0.01
6398, 0.47
6399, 0.53
6400, 0.51
6401, 0.46
6402, 0.16
6403, 0.47
6404, 0.89
6405, 0.47
6406, 0.40
6407, 0.57
6408, 0.47
6409, 0.67
6410, 0.54
6411, 0.54
6412, 0.47
6413, 0.40
6414, 0.47
6415, 0.74
6416, 0.47
6417, 0.16
6418, 0.16
6419, 0.47
6420, 0.86
6421, 0.74
6422, 0.16
6423, 0.16
6424, 0.26
6425, 0.70
6426, 0.89
6427, 0.54
6428, 0.54
6429, 0.54
6430, 0.96
6431, 0.16
6432, 0.46
6433, 0.26
6434, 0.54
6435, 0.53
6436, 0.08
6437, 0.47
6438, 0.54
6439, 0.26
6440, 0.70
6441, 0.40
6442, 0.47
6443, 0.33
6444, 0.23
6445, 0.53
6446, 0.47
6447, 0.40
6448, 0.89
6449, 0.54
6450, 0.16
6451, 0.33
6452, 0.47
6453, 0.54
6454, 0.47
6455, 0.47
6456, 0.89
6457, 0.26
6458, 0.26
6459, 0.54
6460, 0.16
6461, 0.53
6462, 0.40
6463, 0.26
6464, 0.54
6465, 0.26
6466, 0.47
6467, 0.57
6468, 1.00
6469, 0.74
6470, 0.47
6471, 0.74
6472, 0.54
6473, 0.23
6474, 0.47
6475, 0.54
6476, 0.96
6477, 0.54
6478, 0.16
6479, 0.40
6480, 0.47
6481, 0.33
6482, 0.47
6483, 0.26
6484, 0.57
6485, 0.47
6486, 0.16
6487, 0.26
6488, 0.89
6489, 0.16
6490, 0.54
6491, 0.40
6492, 0.08
6493, 0.74
6494, 0.47
6495, 0.47
6496, 0.74
6497, 0.54
6498, 0.08
6499, 0.47
6500, 0.47
6501, 0.57
6502, 0.40
6503, 0.33
6504, 0.16
6505, 0.33
6506, 0.47
6507, 0.53
6508, 0.33
6509, 0.77
6510, 0.47
6511, 0.89
6512, 1.00
6513, 0.51
6514, 0.47
6515, 0.40
6516, 0.53
6517, 0.47
6518, 0.47
6519, 0.57
6520, 0.08
6521, 0.54
6522, 0.57
6523, 0.40
6524, 0.57
6525, 0.51
6526, 0.54
6527, 0.74
6528, 0.96
6529, 0.54
6530, 0.96
6531, 0.54
6532, 0.16
6533, 0.40
6534, 0.74
6535, 0.16
6536, 0.96
6537, 0.40
6538, 0.47
6539, 0.74
6540, 0.47
6541, 0.54
6542, 0.40
6543, 0.96
6544, 0.47
6545, 0.77
6546, 0.47
6547, 0.47
6548, 0.47
6549, 0.89
6550, 0.47
6551, 0.54
6552, 0.08
6553, 0.74
6554, 0.26
6555, 0.47
6556, 0.26
6557, 0.54
6558, 0.74
6559, 0.54
6560, 0.34
6561, 0.54
6562, 0.70
6563, 0.47
6564, 0.40
6565, 0.24
6566, 0.02
6567, 0.89
6568, 0.47
6569, 0.01
6570, 0.47
6571, 0.57
6572, 0.33
6573, 0.47
6574, 1.00
6575, 0.33
6576, 0.16
6577, 0.53
6578, 0.74
6579, 0.26
6580, 0.40
6581, 0.40
6582, 0.54
6583, 0.74
6584, 0.47
6585, 0.47
6586, 0.47
6587, 0.16
6588, 0.46
6589, 0.01
6590, 0.47
6591, 0.47
6592, 0.96
6593, 0.23
6594, 0.47
6595, 0.74
6596, 0.54
6597, 0.40
6598, 0.47
6599, 0.33
6600, 0.47
6601, 0.47
6602, 0.77
6603, 0.53
6604, 0.54
6605, 0.16
6606, 0.53
6607, 0.40
6608, 0.47
6609, 0.47
6610, 0.42
6611, 0.08
6612, 0.16
6613, 0.54
6614, 0.54
6615, 0.67
6616, 0.08
6617, 0.96
6618, 0.40
6619, 0.89
6620, 0.40
6621, 0.08
6622, 0.47
6623, 0.54
6624, 0.54
6625, 0.40
6626, 0.67
6627, 0.46
6628, 0.47
6629, 0.74
6630, 1.00
6631, 0.54
6632, 0.54
6633, 0.74
6634, 0.54
6635, 0.96
6636, 0.26
6637, 0.89
6638, 0.26
6639, 0.96
6640, 0.47
6641, 0.96
6642, 0.54
6643, 0.02
6644, 0.53
6645, 0.47
6646, 0.16
6647, 0.47
6648, 0.16
6649, 0.08
6650, 0.34
6651, 0.74
6652, 0.67
6653, 0.54
6654, 0.54
6655, 0.47
6656, 0.40
6657, 0.47
6658, 0.54
6659, 0.67
6660, 0.89
6661, 0.47
6662, 0.40
6663, 0.47
6664, 0.47
6665, 0.54
6666, 0.54
6667, 0.47
6668, 0.74
6669, 0.47
6670, 0.54
6671, 0.96
6672, 0.47
6673, 0.08
6674, 0.86
6675, 0.23
6676, 0.74
6677, 0.70
6678, 0.74
6679, 0.47
6680, 0.08
6681, 0.86
6682, 0.77
6683, 0.33
6684, 0.57
6685, 0.47
6686, 0.47
6687, 0.57
6688, 0.74
6689, 1.00
6690, 0.54
6691, 0.47
6692, 0.57
6693, 0.47
6694, 0.26
6695, 0.08
6696, 0.89
6697, 0.47
6698, 0.47
6699, 0.47
6700, 0.53
6701, 0.57
6702, 0.16
6703, 0.08
6704, 0.54
6705, 0.42
6706, 0.54
6707, 0.54
6708, 0.54
6709, 0.47
6710, 0.08
6711, 0.74
6712, 0.54
6713, 0.54
6714, 0.08
6715, 0.54
6716, 0.46
6717, 0.51
6718, 0.54
6719, 0.47
6720, 0.23
6721, 0.54
6722, 0.54
6723, 1.00
6724, 0.40
6725, 0.40
6726, 0.47
6727, 0.54
6728, 0.02
6729, 0.96
6730, 0.47
6731, 0.47
6732, 0.96
6733, 0.47
6734, 0.47
6735, 0.57
6736, 0.47
6737, 0.47
6738, 0.40
6739, 0.40
6740, 0.53
6741, 0.47
6742, 0.23
6743, 0.08
6744, 0.89
6745, 0.89
6746, 0.57
6747, 0.40
6748, 0.47
6749, 0.89
6750, 0.47
6751, 0.16
6752, 0.57
6753, 0.53
6754, 0.40
6755, 0.16
6756, 0.54
6757, 0.74
6758, 0.47
6759, 0.26
6760, 0.54
6761, 0.16
6762, 0.08
6763, 0.77
6764, 0.57
6765, 0.16
6766, 0.47
6767, 0.53
6768, 0.47
6769, 0.67
6770, 0.89
6771, 0.47
6772, 0.77
6773, 0.16
6774, 0.86
6775, 0.74
6776, 0.54
6777, 0.74
6778, 0.40
6779, 0.40
6780, 0.54
6781, 0.96
6782, 0.26
6783, 0.47
6784, 0.57
6785, 0.70
6786, 0.26
6787, 0.67
6788, 0.47
6789, 0.96
6790, 0.40
6791, 0.53
6792, 1.00
6793, 0.47
6794, 0.47
6795, 0.77
6796, 0.96
6797, 0.33
6798, 0.96
6799, 0.16
6800, 0.89
6801, 0.89
6802, 0.54
6803, 0.54
6804, 0.16
6805, 0.89
6806, 0.54
6807, 0.54
6808, 0.16
6809, 0.08
6810, 0.01
6811, 0.57
6812, 0.40
6813, 0.40
6814, 0.26
6815, 0.47
6816, 0.57
6817, 0.47
6818, 0.40
6819, 0.57
6820, 0.53
6821, 0.57
6822, 0.47
6823, 0.47
6824, 0.51
6825, 0.57
6826, 0.77
6827, 0.16
6828, 0.40
6829, 0.47
6830, 0.23
6831, 0.96
6832, 0.16
6833, 0.89
6834, 0.47
6835, 0.26
6836, 0.33
6837, 0.16
6838, 0.47
6839, 0.54
6840, 0.08
6841, 0.47
6842, 0.47
6843, 0.86
6844, 0.26
6845, 0.51
6846, 0.47
6847, 0.96
6848, 0.47
6849, 0.47
6850, 0.47
6851, 0.34
6852, 0.54
6853, 0.40
6854, 0.74
6855, 0.74
6856, 0.74
6857, 0.40
6858, 0.47
6859, 0.54
6860, 0.40
6861, 0.96
6862, 0.96
6863, 0.57
6864, 0.47
6865, 0.16
6866, 0.74
6867, 0.74
6868, 0.54
6869, 0.54
6870, 0.54
6871, 0.47
6872, 0.53
6873, 0.89
6874, 0.54
6875, 0.54
6876, 0.54
6877, 0.47
6878, 0.08
6879, 0.33
6880, 0.47
6881, 0.47
6882, 0.57
6883, 0.54
6884, 0.54
6885, 0.70
6886, 0.26
6887, 0.47
6888, 0.53
6889, 0.16
6890, 0.89
6891, 0.54
6892, 1.00
6893, 0.54
6894, 1.00
6895, 1.00
6896, 0.34
6897, 0.89
6898, 0.54
6899, 0.47
6900, 1.00
6901, 0.54
6902, 0.54
6903, 0.16
6904, 0.47
6905, 0.57
6906, 0.16
6907, 0.47
6908, 0.54
6909, 0.23
6910, 0.47
6911, 0.89
6912, 0.47
6913, 0.47
6914, 0.33
6915, 0.23
6916, 0.47
6917, 0.47
6918, 0.47
6919, 0.47
6920, 0.54
6921, 0.47
6922, 0.57
6923, 0.08
6924, 0.57
6925, 0.57
6926, 0.67
6927, 0.26
6928, 0.54
6929, 0.46
6930, 0.26
6931, 0.57
6932, 0.96
6933, 0.47
6934, 0.26
6935, 0.54
6936, 0.96
6937, 0.54
6938, 0.54
6939, 0.16
6940, 1.00
6941, 0.47
6942, 0.46
6943, 0.26
6944, 0.47
6945, 0.54
6946, 0.40
6947, 0.77
6948, 0.08
6949, 0.96
6950, 0.47
6951, 0.57
6952, 0.77
6953, 0.47
6954, 0.47
6955, 0.40
6956, 0.16
6957, 0.26
6958, 0.16
6959, 0.47
6960, 0.16
6961, 1.00
6962, 0.16
6963, 0.47
6964, 0.47
6965, 0.96
6966, 0.42
6967, 0.54
6968, 0.47
6969, 0.57
6970, 0.16
6971, 0.26
6972, 0.54
6973, 0.54
6974, 0.74
6975, 0.57
6976, 0.47
6977, 0.08
6978, 0.33
6979, 0.26
6980, 0.54
6981, 0.08
6982, 0.47
6983, 0.57
6984, 0.26
6985, 0.16
6986, 0.54
6987, 0.54
6988, 0.40
6989, 0.57
6990, 0.54
6991, 0.47
6992, 0.26
6993, 0.57
6994, 0.54
6995, 0.89
6996, 0.54
6997, 1.00
6998, 0.67
6999, 0.47
7000, 0.47
7001, 0.74
7002, 0.54
7003, 0.74
7004, 0.96
7005, 0.74
7006, 0.47
7007, 0.26
7008, 0.47
7009, 0.47
7010, 0.53
7011, 0.40
7012, 0.16
7013, 0.96
7014, 0.54
7015, 0.54
7016, 0.47
7017, 0.40
7018, 0.16
7019, 0.47
7020, 0.53
7021, 0.47
7022, 0.08
7023, 0.74
7024, 0.47
7025, 0.46
7026, 0.54
7027, 0.16
7028, 0.47
7029, 0.47
7030, 0.40
7031, 0.53
7032, 0.47
7033, 0.16
7034, 0.89
7035, 0.89
7036, 0.77
7037, 0.08
7038, 0.53
7039, 0.74
7040, 0.47
7041, 0.47
7042, 0.26
7043, 0.33
7044, 0.26
7045, 0.47
7046, 0.47
7047, 0.47
7048, 0.54
7049, 0.74
7050, 0.53
7051, 0.47
7052, 0.40
7053, 0.47
7054, 0.53
7055, 0.47
7056, 0.47
7057, 0.26
7058, 0.47
7059, 0.16
7060, 0.40
7061, 0.16
7062, 0.54
7063, 0.47
7064, 0.51
7065, 1.00
7066, 0.70
7067, 0.33
7068, 0.40
7069, 0.47
7070, 0.47
7071, 0.67
7072, 0.89
7073, 0.16
7074, 0.26
7075, 0.16
7076, 0.47
7077, 0.16
7078, 0.54
7079, 0.96
7080, 0.89
7081, 0.54
7082, 0.08
7083, 0.26
7084, 0.26
7085, 0.47
7086, 0.53
7087, 1.00
7088, 0.47
7089, 0.54
7090, 0.26
7091, 0.74
7092, 0.47
7093, 0.47
7094, 0.16
7095, 0.70
7096, 0.47
7097, 0.57
7098, 0.70
7099, 0.57
7100, 0.54
7101, 0.26
7102, 0.74
7103, 0.47
7104, 0.57
7105, 0.54
7106, 0.89
7107, 0.47
7108, 0.47
7109, 0.54
7110, 0.08
7111, 0.47
7112, 0.26
7113, 0.54
7114, 0.47
7115, 0.54
7116, 0.47
7117, 0.08
7118, 0.74
7119, 0.57
7120, 0.54
7121, 0.47
7122, 0.26
7123, 0.89
7124, 0.54
7125, 0.70
7126, 0.47
7127, 0.47
7128, 0.51
7129, 0.40
7130, 0.89
7131, 0.24
7132, 0.53
7133, 0.01
7134, 0.08
7135, 0.54
7136, 0.54
7137, 0.16
7138, 0.67
7139, 0.53
7140, 0.16
7141, 0.47
7142, 0.08
7143, 0.26
7144, 0.26
7145, 0.89
7146, 0.54
7147, 0.54
7148, 0.54
7149, 0.89
7150, 0.54
7151, 0.53
7152, 0.34
7153, 0.54
7154, 0.54
7155, 0.89
7156, 0.47
7157, 0.74
7158, 0.54
7159, 0.54
7160, 0.40
7161, 0.01
7162, 0.16
7163, 0.47
7164, 0.57
7165, 0.57
7166, 1.00
7167, 0.33
7168, 0.40
7169, 0.33
7170, 0.77
7171, 0.16
7172, 0.47
7173, 0.40
7174, 0.47
7175, 0.53
7176, 0.74
7177, 0.47
7178, 0.57
7179, 0.96
7180, 0.89
7181, 0.57
7182, 0.40
7183, 0.96
7184, 1.00
7185, 0.54
7186, 0.16
7187, 0.26
7188, 0.33
7189, 0.16
7190, 0.54
7191, 0.54
7192, 0.89
7193, 0.47
7194, 0.47
7195, 0.74
7196, 0.53
7197, 0.23
7198, 0.47
7199, 0.16
7200, 0.96
7201, 0.47
7202, 0.47
7203, 0.47
7204, 0.16
7205, 0.47
7206, 0.47
7207, 0.33
7208, 0.53
7209, 0.33
7210, 0.47
7211, 0.47
7212, 0.26
7213, 0.74
7214, 0.67
7215, 0.16
7216, 1.00
7217, 1.00
7218, 0.57
7219, 0.77
7220, 0.57
7221, 0.54
7222, 0.89
7223, 0.26
7224, 0.47
7225, 0.96
7226, 0.26
7227, 0.54
7228, 0.47
7229, 0.40
7230, 0.40
7231, 0.74
7232, 0.47
7233, 0.47
7234, 0.47
7235, 0.16
7236, 0.54
7237, 0.47
7238, 0.40
7239, 0.54
7240, 0.40
7241, 0.40
7242, 0.47
7243, 0.53
7244, 0.54
7245, 0.26
7246, 0.08
7247, 0.26
7248, 0.40
7249, 0.47
7250, 0.40
7251, 0.54
7252, 0.74
7253, 0.74
7254, 0.40
7255, 1.00
7256, 0.33
7257, 0.26
7258, 0.89
7259, 0.47
7260, 0.33
7261, 0.47
7262, 0.77
7263, 0.47
7264, 0.40
7265, 0.47
7266, 0.33
7267, 0.96
7268, 0.54
7269, 0.89
7270, 0.26
7271, 0.33
7272, 0.47
7273, 0.54
7274, 0.89
7275, 0.96
7276, 0.47
7277, 0.54
7278, 0.54
7279, 0.47
7280, 0.26
7281, 0.26
7282, 0.26
7283, 0.26
7284, 0.47
7285, 0.74
7286, 0.47
7287, 0.57
7288, 0.54
7289, 0.70
7290, 0.47
7291, 0.54
7292, 0.40
7293, 0.74
7294, 0.26
7295, 0.08
7296, 0.89
7297, 0.57
7298, 1.00
7299, 0.53
7300, 0.47
7301, 0.26
7302, 0.40
7303, 0.24
7304, 0.16
7305, 0.57
7306, 0.54
7307, 0.33
7308, 0.16
7309, 0.26
7310, 0.57
7311, 0.40
7312, 0.57
7313, 0.47
7314, 0.54
7315, 0.47
7316, 0.47
7317, 0.67
7318, 0.47
7319, 0.33
7320, 0.26
7321, 0.40
7322, 0.89
7323, 0.40
7324, 1.00
7325, 0.54
7326, 0.47
7327, 0.47
7328, 0.74
7329, 0.47
7330, 0.47
7331, 0.54
7332, 0.26
7333, 0.40
7334, 0.57
7335, 0.47
7336, 0.47
7337, 0.47
7338, 0.47
7339, 0.54
7340, 0.51
7341, 0.47
7342, 0.89
7343, 0.57
7344, 0.26
7345, 0.16
7346, 0.54
7347, 0.96
7348, 0.26
7349, 0.96
7350, 0.40
7351, 0.57
7352, 0.47
7353, 0.33
7354, 1.00
7355, 0.96
7356, 0.47
7357, 0.47
7358, 0.42
7359, 0.47
7360, 0.54
7361, 0.74
7362, 0.96
7363, 0.40
7364, 0.74
7365, 0.54
7366, 0.40
7367, 1.00
7368, 0.47
7369, 0.57
7370, 0.47
7371, 0.70
7372, 0.40
7373, 0.96
7374, 0.47
7375, 0.53
7376, 0.96
7377, 0.16
7378, 0.54
7379, 0.47
7380, 0.54
7381, 0.47
7382, 0.51
7383, 0.77
7384, 0.57
7385, 0.08
7386, 0.47
7387, 0.57
7388, 0.47
7389, 0.96
7390, 0.54
7391, 0.54
7392, 0.46
7393, 0.40
7394, 0.89
7395, 0.47
7396, 0.54
7397, 0.54
7398, 0.40
7399, 0.26
7400, 0.47
7401, 0.96
7402, 0.53
7403, 0.54
7404, 0.47
7405, 0.54
7406, 0.16
7407, 0.54
7408, 0.47
7409, 0.16
7410, 0.33
7411, 0.08
7412, 0.54
7413, 0.08
7414, 0.89
7415, 0.53
7416, 0.16
7417, 0.96
7418, 0.16
7419, 0.47
7420, 0.96
7421, 0.47
